1 0.946875 0.3109375 0.10625 0.128125
1 0.37109375 0.17421875 0.1296875 0.121875
0 0.46875 0.21875 0.1171875 0.0875
0 0.5609375 0.23984375 0.1109375 0.0890625
0 0.65234375 0.26015625 0.1109375 0.084375
0 0.7421875 0.28125 0.103125 0.0796875
0 0.83359375 0.29921875 0.1046875 0.078125
1 0.83125 0.18359375 0.0859375 0.08125
0 0.76328125 0.17734375 0.0765625 0.0703125
0 0.6421875 0.15625 0.0734375 0.0578125
0 0.525 0.12890625 0.075 0.0609375
0 0.4625 0.11484375 0.0734375 0.059375
0 0.453125 0.6625 0.315625 0.41875
0 0.66640625 0.70859375 0.2796875 0.409375
1 0.8640625 0.7125 0.271875 0.4625
1 0.21640625 0.5828125 0.34375 0.4515625
0 0.53671875 0.32109375 0.2828125 0.125
0 0.80234375 0.37734375 0.2984375 0.1328125