1 0.121875 0.2296875 0.115625 0.1734375
1 0.265625 0.240625 0.1265625 0.159375
1 0.478125 0.25625 0.1328125 0.14375
1 0.6078125 0.26015625 0.128125 0.1578125
1 0.396875 0.11328125 0.075 0.0921875
1 0.47109375 0.11328125 0.0734375 0.090625
0 0.5453125 0.1296875 0.075 0.05625
0 0.6203125 0.1296875 0.078125 0.0609375
0 0.69609375 0.128125 0.0796875 0.0640625
0 0.77734375 0.12890625 0.084375 0.0625
0 0.85859375 0.12578125 0.08125 0.0671875
0 0.74140625 0.284375 0.140625 0.1125
0 0.88671875 0.290625 0.153125 0.1171875
0 0.5796875 0.44453125 0.4203125 0.128125