0 0.40625 0.43515625 0.3984375 0.13125
0 0.2546875 0.29140625 0.15 0.1015625
0 0.775 0.4171875 0.3375 0.1328125
1 0.39296875 0.26796875 0.1296875 0.14375
1 0.73671875 0.24765625 0.128125 0.1609375
1 0.52578125 0.26328125 0.1375 0.1359375
0 0.1046875 0.29375 0.1609375 0.109375
0 0.4578125 0.12890625 0.08125 0.065625
1 0.53046875 0.11171875 0.0765625 0.0984375
1 0.6046875 0.109375 0.075 0.1015625
1 0.8796875 0.2390625 0.1234375 0.165625
0 0.3828125 0.13046875 0.0796875 0.0609375
0 0.30625 0.1265625 0.0859375 0.065625
0 0.225 0.12421875 0.0890625 0.065625
0 0.140625 0.1234375 0.090625 0.0671875
0 0.784375 0.90390625 0.378125 0.1921875
0 0.43359375 0.9203125 0.3640625 0.159375