1 0.28046875 0.64609375 0.26875 0.4609375
0 0.5375 0.66640625 0.2453125 0.4078125
0 0.77265625 0.66015625 0.23125 0.4171875
0 0.53359375 0.296875 0.2828125 0.096875
0 0.82109375 0.26171875 0.3109375 0.09375
0 0.828125 0.17578125 0.1046875 0.0671875
0 0.7265625 0.18359375 0.0984375 0.0640625
0 0.628125 0.1953125 0.109375 0.065625
0 0.5328125 0.20546875 0.0984375 0.059375
0 0.43515625 0.21328125 0.103125 0.0609375
1 0.33046875 0.2015625 0.10625 0.0984375
1 0.79140625 0.0546875 0.0765625 0.0796875
0 0.71875 0.08046875 0.0703125 0.053125
0 0.59375 0.09375 0.0703125 0.0453125
0 0.46796875 0.10546875 0.0671875 0.05
0 0.4046875 0.1078125 0.0671875 0.05
1 0.94765625 0.13671875 0.1046875 0.1203125