0 0.40078125 0.69921875 0.3109375 0.375
0 0.16796875 0.7453125 0.3140625 0.390625
1 0.60859375 0.62109375 0.3015625 0.428125
1 0.83828125 0.5828125 0.3234375 0.428125
1 0.52109375 0.1640625 0.0734375 0.0890625
1 0.58203125 0.1640625 0.0734375 0.08125
0 0.271875 0.3140625 0.103125 0.0828125
0 0.17421875 0.32265625 0.1125 0.0875
0 0.359375 0.30078125 0.109375 0.0875
0 0.446875 0.28359375 0.1046875 0.0875
0 0.53828125 0.271875 0.1078125 0.078125
0 0.63125 0.259375 0.0984375 0.078125
0 0.721875 0.24453125 0.103125 0.0796875
0 0.81015625 0.2375 0.09375 0.0703125
0 0.225 0.225 0.078125 0.0609375
0 0.2875 0.21953125 0.071875 0.0515625
0 0.40859375 0.20078125 0.075 0.0609375