0 0.58984375 0.4078125 0.409375 0.165625
0 0.71484375 0.2625 0.1609375 0.121875
0 0.2203125 0.4421875 0.353125 0.178125
1 0.57421875 0.2640625 0.1515625 0.1484375
1 0.23125 0.2765625 0.1484375 0.1765625
1 0.4421875 0.27578125 0.1546875 0.1484375
0 0.86640625 0.24453125 0.1734375 0.13125
0 0.49140625 0.12734375 0.0890625 0.0765625
1 0.41796875 0.12109375 0.0875 0.1078125
1 0.3453125 0.12734375 0.0890625 0.1109375
1 0.08828125 0.290625 0.1453125 0.1828125
0 0.56640625 0.11875 0.0859375 0.071875
0 0.64375 0.10625 0.0953125 0.0765625
0 0.725 0.0921875 0.1015625 0.0765625
0 0.809375 0.08203125 0.0984375 0.0796875