0 0.59375 0.42890625 0.4125 0.184375
0 0.721875 0.26171875 0.1578125 0.125
0 0.225 0.4671875 0.353125 0.178125
1 0.5875 0.26015625 0.1484375 0.1546875
1 0.24453125 0.2796875 0.1484375 0.1765625
1 0.45703125 0.2765625 0.1546875 0.15625
0 0.86796875 0.24921875 0.165625 0.1328125
0 0.50390625 0.13515625 0.0875 0.075
1 0.42890625 0.12421875 0.0875 0.1078125
1 0.35625 0.1296875 0.0890625 0.1109375
0 0.5765625 0.12421875 0.0890625 0.071875
0 0.65546875 0.11171875 0.09375 0.075
0 0.73671875 0.09921875 0.096875 0.078125
0 0.82265625 0.0875 0.0984375 0.0796875