1 0.121875 0.2296875 0.115625 0.171875
1 0.265625 0.240625 0.125 0.159375
1 0.478125 0.25625 0.13125 0.14375
1 0.6078125 0.26015625 0.128125 0.1578125
1 0.396875 0.11328125 0.075 0.0921875
1 0.47109375 0.11328125 0.0734375 0.090625
0 0.5453125 0.1296875 0.075 0.05625
0 0.6203125 0.1296875 0.078125 0.0625
0 0.69609375 0.128125 0.0796875 0.065625
0 0.77734375 0.12890625 0.0828125 0.0609375
0 0.85859375 0.12578125 0.0796875 0.0671875
0 0.74140625 0.284375 0.1390625 0.1125
0 0.88671875 0.290625 0.1515625 0.11875
0 0.5796875 0.44453125 0.41875 0.128125
0 0.0068873546875 0.9984375 0.06898535156249999 0.9984375 0.37609593124999996 0.9919890390624999 0.403125 0.8866882171875 0.403125 0.8818677515625 0.10557918749999999 0.8242712531249999 0.0068873546875 0.9984375
0 0.37420066875 0.9786528484374999 0.648069953125 0.9828125 0.7550476703125 0.9828125 0.7560910921875 0.9420217187500001 0.39752044999999997 0.8730417718749999 0.37420066875 0.9786528484374999