0 0.3359375 0.65078125 0.2765625 0.353125
0 0.1203125 0.61015625 0.240625 0.3703125
1 0.5578125 0.6515625 0.2609375 0.4109375
1 0.8015625 0.7046875 0.3171875 0.403125
1 0.63984375 0.19375 0.065625 0.084375
1 0.696875 0.215625 0.0671875 0.075
0 0.353125 0.24453125 0.096875 0.0734375
0 0.259375 0.21796875 0.1078125 0.0765625
0 0.43984375 0.26328125 0.103125 0.0765625
0 0.528125 0.27890625 0.0984375 0.078125
0 0.6171875 0.3 0.1015625 0.06875
0 0.70859375 0.32265625 0.0921875 0.06875
0 0.79921875 0.34140625 0.0984375 0.0703125
0 0.88359375 0.36640625 0.0890625 0.0625
0 0.3421875 0.14453125 0.0734375 0.053125
0 0.40234375 0.1625 0.0703125 0.0453125
0 0.521875 0.1875 0.0703125 0.0546875