1 0.25859375 0.68125 0.26875 0.390625
0 0.50859375 0.678125 0.2359375 0.38125
0 0.73203125 0.6765625 0.2234375 0.375
1 0.915625 0.66484375 0.16875 0.4078125
1 0.31640625 0.24375 0.1046875 0.0984375
0 0.42109375 0.2578125 0.10625 0.0640625
0 0.51328125 0.33828125 0.265625 0.059375
0 0.515625 0.25546875 0.09375 0.05625
0 0.6078125 0.25 0.0953125 0.0546875
0 0.7046875 0.2390625 0.1015625 0.059375
0 0.80234375 0.2328125 0.09375 0.05625
1 0.9265625 0.19140625 0.1265625 0.125
1 0.765625 0.11796875 0.0671875 0.065625
0 0.70234375 0.1359375 0.0640625 0.0484375
0 0.51484375 0.1578125 0.0625 0.0421875
0 0.4546875 0.16328125 0.0625 0.0390625
0 0.39296875 0.16953125 0.065625 0.0390625
0 0.78125 0.3234375 0.2734375 0.0734375
0 0.57578125 0.1515625 0.0609375 0.040625