0 0.57734375 0.39765625 0.4125 0.2109375
0 0.684375 0.2375 0.1703125 0.1359375
0 0.215625 0.4765625 0.3609375 0.215625
1 0.54453125 0.25703125 0.1640625 0.1609375
1 0.20625 0.3109375 0.1640625 0.1890625
1 0.415625 0.28515625 0.1671875 0.1625
0 0.8328125 0.2015625 0.1828125 0.146875
0 0.44609375 0.13125 0.0953125 0.084375
1 0.37265625 0.13359375 0.0984375 0.1140625
1 0.30078125 0.14921875 0.0984375 0.1171875
1 0.0734375 0.34140625 0.146875 0.1921875
0 0.51953125 0.1140625 0.0921875 0.0796875
0 0.59453125 0.09140625 0.1 0.0859375
0 0.6734375 0.06796875 0.10625 0.0859375
0 0.75625 0.046875 0.103125 0.0875