0 0.740625 0.22109375 0.1578125 0.121875
0 0.75625 0.04765625 0.0875 0.0734375
0 0.84140625 0.0359375 0.0984375 0.071875
1 0.6 0.20546875 0.153125 0.1609375
0 0.890625 0.20703125 0.165625 0.128125
0 0.6765625 0.05703125 0.0921875 0.071875
1 0.465625 0.2171875 0.1453125 0.1625
0 0.596875 0.0703125 0.0859375 0.0703125
0 0.52109375 0.08046875 0.0828125 0.0734375
1 0.44453125 0.07421875 0.0859375 0.09375
1 0.37109375 0.0859375 0.0796875 0.0984375
0 0.2359375 0.41171875 0.3578125 0.1796875
0 0.60703125 0.3828125 0.4109375 0.1859375
1 0.25703125 0.23125 0.140625 0.159375