0 0.61640625 0.20546875 0.1140625 0.0859375
0 0.51953125 0.18984375 0.1125 0.0828125
0 0.7140625 0.22265625 0.115625 0.08125
0 0.81953125 0.23671875 0.128125 0.0875
1 0.41953125 0.15859375 0.125 0.1140625
1 0.90390625 0.11953125 0.0859375 0.084375
0 0.52265625 0.6703125 0.3421875 0.4359375
0 0.9203125 0.25078125 0.1171875 0.0859375
0 0.575 0.08984375 0.0796875 0.0640625
0 0.5125 0.08046875 0.078125 0.0546875
1 0.984375 0.228125 0.03125 0.14375
0 0.4546875 0.0671875 0.0703125 0.0515625
0 0.640625 0.09921875 0.0796875 0.0625
0 0.83125 0.121875 0.078125 0.065625
0 0.60234375 0.29140625 0.3 0.140625
0 0.86328125 0.3359375 0.2734375 0.153125
0 0.7578125 0.70546875 0.3171875 0.45625
1 0.27109375 0.60234375 0.35625 0.45