1 0.08828125 0.28515625 0.1390625 0.1875
1 0.23203125 0.27578125 0.146875 0.175
1 0.44453125 0.26171875 0.15 0.1609375
1 0.5734375 0.24765625 0.1484375 0.1734375
1 0.34375 0.13125 0.0859375 0.1015625
1 0.4171875 0.12109375 0.0859375 0.1
0 0.49296875 0.12734375 0.0828125 0.065625
0 0.56796875 0.11640625 0.0859375 0.071875
0 0.6421875 0.1046875 0.0875 0.075
0 0.72265625 0.09375 0.090625 0.071875
0 0.803125 0.0796875 0.0890625 0.078125
0 0.709375 0.253125 0.153125 0.13125
0 0.85390625 0.2390625 0.1671875 0.1375
0 0.57109375 0.43359375 0.4328125 0.1859375
0 0.4462716953125 1 0.45788437968749995 0.8964073875 0.45721350000000005 0.8916338343750001 0.1545475 0.876008234375 0.105610346875 1 0.4462716953125 1
0 0.442040540625 0.9915025156249999 0.713823459375 0.957506446875 0.8197600765624999 0.9426180265624999 0.8151163640625001 0.9020790015625 0.4504351546875 0.8836737515624999 0.442040540625 0.9915025156249999