0 0.3296875 0.29296875 0.11875 0.078125
0 0.2953125 0.70859375 0.3046875 0.371875
0 0.22890625 0.28671875 0.1171875 0.0796875
0 0.60390625 0.315625 0.1125 0.075
0 0.42109375 0.30703125 0.10625 0.075
0 0.78828125 0.33046875 0.1078125 0.0765625
0 0.8765625 0.3390625 0.10625 0.0703125
0 0.321875 0.196875 0.08125 0.053125
0 0.6921875 0.32578125 0.103125 0.075
1 0.684375 0.21328125 0.06875 0.075
1 0.62578125 0.2109375 0.071875 0.0734375
0 0.25390625 0.190625 0.084375 0.053125
0 0.51015625 0.30703125 0.0984375 0.06875
0 0.38515625 0.2015625 0.078125 0.0484375
1 0.76796875 0.70078125 0.3421875 0.3828125
1 0.5234375 0.69375 0.2765625 0.353125
0 0.44765625 0.20546875 0.071875 0.0625
0 0.509375 0.209375 0.0734375 0.065625
0 0.56640625 0.21796875 0.0703125 0.065625
0 0.11953125 0.696875 0.2390625 0.396875