0 0.6125 0.4671875 0.4171875 0.215625
0 0.79296875 0.3578125 0.1640625 0.1359375
0 0.2546875 0.3703125 0.359375 0.2046875
1 0.66796875 0.3078125 0.159375 0.1625
1 0.33984375 0.20234375 0.159375 0.1859375
1 0.53984375 0.27578125 0.1640625 0.165625
0 0.9234375 0.396875 0.153125 0.14375
0 0.634375 0.1609375 0.0921875 0.08125
1 0.56875 0.1234375 0.0953125 0.1125
1 0.4984375 0.103125 0.0953125 0.115625
0 0.70625 0.1765625 0.09375 0.078125
0 0.784375 0.19296875 0.096875 0.08125
0 0.8640625 0.21015625 0.1015625 0.084375
0 0.9484375 0.23046875 0.103125 0.0859375