1 0.8921875 0.190625 0.121875 0.1109375
1 0.2859375 0.22265625 0.115625 0.10625
0 0.3921875 0.23828125 0.109375 0.0703125
0 0.48671875 0.2328125 0.1015625 0.0734375
0 0.58046875 0.22734375 0.1015625 0.0703125
0 0.67265625 0.22265625 0.0953125 0.065625
0 0.76484375 0.215625 0.096875 0.0640625
1 0.73125 0.1046875 0.0765625 0.0703125
0 0.66484375 0.1171875 0.06875 0.059375
0 0.54140625 0.13046875 0.0671875 0.046875
0 0.421875 0.13671875 0.06875 0.05
0 0.3578125 0.140625 0.0671875 0.0484375
0 0.49921875 0.66875 0.2578125 0.3859375
0 0.71796875 0.6546875 0.2203125 0.384375
1 0.90390625 0.603125 0.1921875 0.440625
1 0.25 0.6578125 0.2796875 0.4171875
0 0.4859375 0.31796875 0.278125 0.0796875
0 0.75703125 0.2984375 0.29375 0.084375