1 0.2359375 0.64609375 0.3078125 0.415625
0 0.48359375 0.67734375 0.2734375 0.403125
0 0.70546875 0.70703125 0.2609375 0.3953125
1 0.8921875 0.72109375 0.215625 0.4234375
1 0.35390625 0.22109375 0.1140625 0.109375
0 0.45546875 0.24921875 0.1125 0.075
0 0.5359375 0.34140625 0.26875 0.0859375
0 0.54921875 0.259375 0.0984375 0.065625
0 0.6421875 0.2671875 0.1 0.0640625
0 0.7390625 0.2703125 0.10625 0.0703125
0 0.83671875 0.27734375 0.0984375 0.065625
1 0.9484375 0.253125 0.103125 0.1375
1 0.815625 0.15859375 0.0734375 0.071875
0 0.75078125 0.16796875 0.06875 0.0546875
0 0.5625 0.16328125 0.0671875 0.0484375
0 0.50234375 0.16015625 0.0671875 0.0453125
0 0.43984375 0.1578125 0.0703125 0.046875
0 0.803125 0.3640625 0.278125 0.1
0 0.6234375 0.165625 0.065625 0.046875