0 0.77578125 0.2609375 0.146875 0.10625
0 0.81484375 0.09921875 0.0859375 0.0640625
0 0.9078125 0.0921875 0.096875 0.0625
1 0.640625 0.2359375 0.1375 0.1453125
0 0.9234375 0.2609375 0.153125 0.109375
0 0.7296875 0.09609375 0.0859375 0.0671875
1 0.503125 0.23984375 0.128125 0.1484375
0 0.65234375 0.09609375 0.0796875 0.0703125
0 0.57734375 0.09921875 0.0765625 0.0640625
1 0.5 0.09765625 0.0765625 0.0859375
1 0.4296875 0.0953125 0.0703125 0.0890625
0 0.24921875 0.39765625 0.34375 0.140625
0 0.62578125 0.41640625 0.396875 0.1390625
1 0.29765625 0.22890625 0.1265625 0.1609375