0 0.58515625 0.42421875 0.4125 0.178125
0 0.71796875 0.26328125 0.1609375 0.11875
0 0.2171875 0.4515625 0.3515625 0.171875
1 0.578125 0.25703125 0.146875 0.1578125
1 0.234375 0.278125 0.1453125 0.175
1 0.4453125 0.2671875 0.153125 0.153125
0 0.8671875 0.246875 0.171875 0.128125
0 0.496875 0.1265625 0.0859375 0.0734375
1 0.42265625 0.11796875 0.0859375 0.10625
1 0.3484375 0.125 0.0875 0.109375
1 0.09140625 0.2875 0.1421875 0.1796875
0 0.57109375 0.11875 0.0859375 0.0703125
0 0.646875 0.10546875 0.09375 0.075
0 0.72734375 0.09375 0.0953125 0.0765625
0 0.8109375 0.0828125 0.096875 0.0765625