1 0.21953125 0.63828125 0.315625 0.41875
0 0.465625 0.6765625 0.28125 0.40625
0 0.684375 0.71171875 0.2671875 0.3984375
1 0.88359375 0.725 0.2328125 0.4375
1 0.34375 0.2109375 0.11875 0.1125
0 0.4453125 0.24453125 0.1125 0.0765625
0 0.5234375 0.340625 0.26875 0.090625
0 0.53828125 0.26171875 0.1 0.0671875
0 0.6296875 0.27578125 0.1 0.0640625
0 0.72734375 0.28359375 0.1078125 0.071875
0 0.82421875 0.2921875 0.1 0.0671875
1 0.9359375 0.27734375 0.128125 0.1390625
1 0.80390625 0.17421875 0.075 0.0734375
0 0.7375 0.175 0.0703125 0.05625
0 0.55390625 0.16328125 0.0703125 0.0515625
0 0.49296875 0.15546875 0.0671875 0.0484375
0 0.4296875 0.14921875 0.0703125 0.046875
0 0.7890625 0.371875 0.278125 0.103125
0 0.61328125 0.16875 0.065625 0.0484375