0 0.5890625 0.42890625 0.4078125 0.1578125
0 0.73046875 0.275 0.15625 0.1125
0 0.21953125 0.43671875 0.3453125 0.1546875
1 0.590625 0.2609375 0.1390625 0.1515625
1 0.24609375 0.26484375 0.1375 0.16875
1 0.4578125 0.26484375 0.146875 0.1453125
0 0.8796875 0.26640625 0.1671875 0.1203125
0 0.51640625 0.1265625 0.0828125 0.0703125
1 0.4421875 0.11484375 0.08125 0.103125
1 0.36796875 0.11796875 0.08125 0.10625
1 0.103125 0.26640625 0.1328125 0.1734375
0 0.59140625 0.1234375 0.0828125 0.065625
0 0.6671875 0.1140625 0.090625 0.071875
0 0.7484375 0.10625 0.0921875 0.071875
0 0.83203125 0.09921875 0.0953125 0.071875