0 0.49140625 0.18359375 0.1125 0.08125
0 0.396875 0.20703125 0.1109375 0.078125
0 0.58828125 0.16171875 0.1125 0.0765625
0 0.69140625 0.1328125 0.1265625 0.0828125
1 0.2921875 0.2171875 0.121875 0.109375
1 0.72265625 0.01640625 0.0828125 0.0328125
0 0.5875 0.64765625 0.325 0.4265625
0 0.7890625 0.10625 0.115625 0.0796875
0 0.40859375 0.09296875 0.078125 0.0609375
0 0.34765625 0.10859375 0.0765625 0.0515625
1 0.8796875 0.05703125 0.1125 0.1140625
0 0.2890625 0.11875 0.06875 0.0484375
0 0.47265625 0.0765625 0.078125 0.059375
0 0.65703125 0.0265625 0.0765625 0.053125
0 0.5125 0.26796875 0.2984375 0.1265625
0 0.78984375 0.19921875 0.3140625 0.1390625
0 0.81796875 0.58828125 0.2984375 0.45
1 0.3296875 0.684375 0.3390625 0.4390625