0 0.271875 0.70234375 0.2546875 0.321875
0 0.48828125 0.278125 0.10625 0.0546875
0 0.0953125 0.340625 0.11875 0.059375
0 0.29921875 0.31015625 0.1046875 0.0640625
0 0.75234375 0.22578125 0.0890625 0.05
0 0.203125 0.3265625 0.1078125 0.0625
0 0.5765625 0.26015625 0.096875 0.0546875
0 0.84453125 0.21171875 0.084375 0.05
0 0.97109375 0.18125 0.0546875 0.040625
0 0.6625 0.24609375 0.09375 0.0546875
0 0.86484375 0.20546875 0.0796875 0.0484375
1 0.5 0.61953125 0.2171875 0.3265625
0 0.39140625 0.29140625 0.0890625 0.06875
1 0.48203125 0.16953125 0.05625 0.071875
1 0.53984375 0.1609375 0.059375 0.0671875
1 0.734375 0.55 0.2671875 0.3390625