0 0.3859375 0.603125 0.2421875 0.3140625
0 0.32890625 0.22421875 0.103125 0.053125
0 0.22734375 0.22265625 0.1078125 0.053125
0 0.8828125 0.20625 0.0984375 0.0515625
0 0.42109375 0.221875 0.0953125 0.0546875
0 0.6046875 0.21875 0.10625 0.0546875
0 0.15234375 0.60078125 0.2421875 0.3109375
0 0.51328125 0.2203125 0.096875 0.0515625
1 0.8578125 0.5515625 0.284375 0.30625
1 0.60625 0.11171875 0.065625 0.0609375
0 0.965625 0.20390625 0.06875 0.0453125
1 0.6703125 0.10859375 0.065625 0.06875
0 0.15 0.29765625 0.284375 0.06875
0 0.6984375 0.21015625 0.0984375 0.0546875
0 0.790625 0.20625 0.090625 0.0609375
1 0.6078125 0.57109375 0.2296875 0.3265625