1 0.121875 0.2296875 0.1171875 0.175
1 0.265625 0.240625 0.1265625 0.159375
1 0.478125 0.25625 0.1328125 0.14375
1 0.6078125 0.259375 0.128125 0.1578125
1 0.396875 0.11328125 0.075 0.09375
1 0.47109375 0.11328125 0.0734375 0.090625
0 0.546875 0.13046875 0.0765625 0.05625
0 0.6203125 0.1296875 0.078125 0.0609375
0 0.696875 0.128125 0.0796875 0.0640625
0 0.778125 0.12734375 0.084375 0.0609375
0 0.86171875 0.12421875 0.08125 0.06875
0 0.7421875 0.284375 0.140625 0.1140625
0 0.8921875 0.28828125 0.153125 0.1171875
0 0.5796875 0.44453125 0.4203125 0.128125
0 0.21953125 0.42109375 0.3578125 0.1140625
0 0.21875 0.89765625 0.3890625 0.2046875
0 0.58359375 0.92734375 0.3671875 0.1453125