1 0.1171875 0.2359375 0.11875 0.175
1 0.2609375 0.24453125 0.128125 0.1609375
1 0.47421875 0.25703125 0.134375 0.1453125
1 0.60390625 0.25859375 0.13125 0.159375
1 0.38984375 0.11484375 0.0765625 0.09375
1 0.4640625 0.1140625 0.075 0.0921875
0 0.540625 0.12890625 0.0765625 0.0578125
0 0.6140625 0.12734375 0.0796875 0.0640625
0 0.690625 0.125 0.08125 0.0671875
0 0.771875 0.12265625 0.084375 0.0625
0 0.85546875 0.11796875 0.08125 0.06875
0 0.73828125 0.28046875 0.1421875 0.115625
0 0.88828125 0.28125 0.1546875 0.1203125
0 0.57890625 0.44296875 0.421875 0.1359375
0 0.21796875 0.42578125 0.359375 0.1203125