1 0.25078125 0.7078125 0.2375 0.415625
0 0.50078125 0.69453125 0.259375 0.390625
0 0.71953125 0.70859375 0.2046875 0.375
1 0.909375 0.6796875 0.18125 0.396875
0 0.509375 0.37578125 0.2734375 0.075
0 0.78125 0.35234375 0.2859375 0.0734375
1 0.31640625 0.284375 0.10625 0.1046875
0 0.41875 0.3 0.0984375 0.0546875
0 0.51171875 0.2921875 0.09375 0.0515625
0 0.603125 0.28125 0.0984375 0.0609375
0 0.7 0.27265625 0.0984375 0.0578125
0 0.7921875 0.26484375 0.0890625 0.0578125
1 0.9171875 0.22734375 0.121875 0.1078125
1 0.76015625 0.15078125 0.0671875 0.06875
0 0.6953125 0.16953125 0.0640625 0.046875
0 0.57109375 0.184375 0.0625 0.0484375