1 0.22421875 0.64765625 0.303125 0.4109375
0 0.471875 0.67734375 0.26875 0.4
0 0.69140625 0.70546875 0.2546875 0.3921875
1 0.890625 0.71171875 0.21875 0.4328125
1 0.33359375 0.21640625 0.115625 0.109375
0 0.4359375 0.246875 0.1109375 0.0734375
0 0.51796875 0.33984375 0.26875 0.08125
0 0.5296875 0.26015625 0.0984375 0.0640625
0 0.62109375 0.271875 0.0984375 0.0609375
0 0.7203125 0.27578125 0.10625 0.06875
0 0.8171875 0.28125 0.0984375 0.0640625
1 0.9328125 0.2609375 0.134375 0.134375
1 0.7921875 0.1640625 0.0734375 0.0703125
0 0.72578125 0.1671875 0.06875 0.053125
0 0.5421875 0.16171875 0.0703125 0.05
0 0.48125 0.15625 0.0671875 0.0453125
0 0.4171875 0.1515625 0.06875 0.0453125
0 0.784375 0.36171875 0.278125 0.09375
0 0.60234375 0.16484375 0.0640625 0.046875