0 0.43671875 0.18984375 0.11875 0.0953125
0 0.34765625 0.2296875 0.115625 0.0921875
0 0.52890625 0.1515625 0.1171875 0.090625
0 0.625 0.10546875 0.13125 0.1
1 0.24609375 0.25703125 0.13125 0.121875
0 0.61171875 0.63046875 0.378125 0.453125
0 0.71640625 0.06171875 0.121875 0.0953125
0 0.3390625 0.115625 0.084375 0.0703125
0 0.28203125 0.14140625 0.0796875 0.0625
1 0.79453125 0.0296875 0.1296875 0.059375
0 0.2265625 0.16171875 0.071875 0.0578125
0 0.4 0.0875 0.0828125 0.06875
0 0.57109375 0.01875 0.0828125 0.0375
0 0.471875 0.26953125 0.2984375 0.171875
0 0.7328125 0.153125 0.3140625 0.1859375
0 0.82421875 0.53203125 0.3515625 0.4703125
1 0.3640625 0.7109375 0.39375 0.46875