0 0.60234375 0.55703125 0.3984375 0.1296875
0 0.753125 0.7046875 0.1453125 0.10625
0 0.23203125 0.57109375 0.3375 0.1328125
1 0.62109375 0.72578125 0.13125 0.1375
1 0.27734375 0.75390625 0.128125 0.1609375
1 0.48828125 0.7265625 0.1375 0.1390625
0 0.89921875 0.696875 0.153125 0.1140625
0 0.5546875 0.8609375 0.08125 0.065625
1 0.48203125 0.88203125 0.0765625 0.0984375
1 0.409375 0.88671875 0.0765625 0.1015625
0 0.628125 0.86171875 0.0828125 0.0609375
0 0.7078125 0.86328125 0.0859375 0.065625
0 0.78984375 0.8640625 0.0890625 0.065625
0 0.8765625 0.86328125 0.090625 0.06875
0 0.58828125 0.07578125 0.4078125 0.1515625
0 0.25 0.10078125 0.4484375 0.1875