0 0.71015625 0.19765625 0.1671875 0.1359375
0 0.70703125 0.03203125 0.0921875 0.0640625
0 0.790625 0.021875 0.103125 0.04375
1 0.56875 0.19609375 0.165625 0.171875
0 0.8578125 0.16796875 0.1734375 0.1421875
0 0.62890625 0.04140625 0.096875 0.0796875
1 0.4359375 0.221875 0.1578125 0.1734375
0 0.5515625 0.0625 0.090625 0.0765625
0 0.4765625 0.08046875 0.0890625 0.0796875
1 0.4 0.08203125 0.0921875 0.1
1 0.32890625 0.1015625 0.0890625 0.103125
0 0.228125 0.43984375 0.365625 0.2125
0 0.59375 0.37265625 0.4171875 0.2234375
1 0.23046875 0.25859375 0.153125 0.1703125