0 0.32109375 0.28203125 0.134375 0.0984375
1 0.44765625 0.24765625 0.128125 0.14375
0 0.18203125 0.29375 0.1484375 0.1078125
0 0.20234375 0.12890625 0.0875 0.0609375
0 0.05390625 0.3140625 0.1046875 0.1
0 0.28515625 0.12890625 0.0828125 0.05625
1 0.58125 0.22578125 0.128125 0.1421875
1 0.796875 0.2015625 0.1359375 0.1453125
0 0.36171875 0.12421875 0.0796875 0.0578125
0 0.43359375 0.11640625 0.08125 0.046875
0 0.50859375 0.1046875 0.075 0.0640625
1 0.58359375 0.0875 0.078125 0.075
1 0.65546875 0.07578125 0.078125 0.0875
0 0.46953125 0.3984375 0.3953125 0.15
0 0.49765625 0.8796875 0.3921875 0.240625
0 0.83359375 0.88046875 0.3328125 0.23125
0 0.821875 0.38359375 0.35625 0.1453125