0 0.4015625 0.61875 0.271875 0.3359375
0 0.2921875 0.25078125 0.1078125 0.0640625
0 0.19140625 0.26328125 0.1125 0.0640625
0 0.83828125 0.15625 0.1015625 0.0609375
0 0.38359375 0.2359375 0.1 0.0640625
0 0.56484375 0.20703125 0.1109375 0.065625
0 0.16953125 0.6484375 0.271875 0.3328125
0 0.47421875 0.22109375 0.1 0.0609375
1 0.85234375 0.5015625 0.2953125 0.334375
1 0.55078125 0.10078125 0.0703125 0.0671875
0 0.92265625 0.1421875 0.078125 0.053125
1 0.6140625 0.08828125 0.071875 0.075
0 0.13515625 0.34765625 0.2703125 0.0984375
0 0.65546875 0.1859375 0.103125 0.0640625
0 0.746875 0.16875 0.0953125 0.0703125
1 0.6171875 0.55546875 0.2625 0.3484375