1 0.859680509375 0.1276775796875 0.79363605 0.14294927968749999 0.8537844375000001 0.24184699062499998 0.8867544437499999 0.2344862390625 0.9212001593749999 0.22589795625 0.9201031640625 0.2214981484375 0.859680509375 0.1276775796875
1 0.8518070796874999 0.24468195312500002 0.7863735484375 0.1455813625 0.721117240625 0.163190909375 0.7859867171875 0.262450634375 0.8518070796874999 0.24468195312500002
0 0.4843400078125 0.225938990625 0.47975906874999996 0.2270811484375 0.53990774375 0.32846618125 0.6130925578124999 0.30771986875 0.6123997078125 0.304941 0.555217346875 0.2102560875 0.4843400078125 0.225938990625
1 0.6328812015625 0.1892633609375 0.5589412296875 0.20759322187499998 0.6170810265625 0.3045443203125 0.66936565 0.2951286875 0.6937830234375 0.289040753125 0.6931886640625 0.2866569109375 0.6328812015625 0.1892633609375
1 0.6368512375 0.186928134375 0.699895803125 0.29073733281249997 0.7779238171875 0.2712827640625 0.7775786296875 0.2698982875 0.71334385 0.1674204265625 0.6368512375 0.186928134375
0 0.464299259375 0.3507377328125 0.5396060734375 0.32945778593749997 0.5389937875 0.327002040625 0.48039182187499996 0.22854038906250002 0.406776103125 0.24689484843749998 0.464299259375 0.3507377328125
1 0.32569533125 0.26961370625000003 0.382891034375 0.3746065 0.3921066640625 0.3723087859375 0.4618039359375 0.3532626484375 0.461426434375 0.351748571875 0.404890428125 0.24736251718750002 0.32569533125 0.26961370625000003
0 0.1446464984375 0.4533315390625 0.0872295421875 0.3266244859375 0.008184990625000001 0.3455360265625 0.06379407499999999 0.4734903140625 0.1446464984375 0.4533315390625
0 0.0881775546875 0.3273117890625 0.08847556250000001 0.3285070375 0.1476725734375 0.4567653921875 0.22131962187499998 0.439045784375 0.229840003125 0.436921415625 0.228775065625 0.43265018906249997 0.173059659375 0.3076791484375 0.0912441078125 0.3265472109375 0.0881775546875 0.3273117890625
0 0.2472997703125 0.28865202343749996 0.3128163015625 0.41784343437500004 0.3894071484375 0.398747190625 0.3881960828125 0.3938898734375 0.3222228859375 0.2675821515625 0.2472997703125 0.28865202343749996
0 0.23152515468749998 0.43750745625 0.3099896984375 0.41607339374999996 0.3088829875 0.41163462187500005 0.245476440625 0.2904571359375 0.1729921 0.306936553125 0.23152515468749998 0.43750745625
0 0.7835732171875 0.27346893906249997 0.863824203125 0.40767810468750004 0.945351596875 0.3873510421875 0.9449314046874999 0.3856657453125 0.8592174515625001 0.25297055625 0.7835732171875 0.27346893906249997
1 0.9467852375 0.23358839374999998 0.8623831093750001 0.251088453125 0.9505419046875 0.3933184796875 0.9733467906250001 0.390033059375 0.9855217906249999 0.386997490625 0.9558560249999999 0.26801460312500003 0.9467852375 0.23358839374999998
1 0.4688196109375 0.35884408125 0.5386873890625 0.49196448437500007 0.55387255625 0.488178396875 0.619536715625 0.469198590625 0.6187087 0.46587759999999995 0.543159846875 0.3394779984375 0.5242581125 0.34419072968750003 0.4688196109375 0.35884408125
1 0.7821470046875 0.28194128125 0.701885640625 0.302162490625 0.701958384375 0.3024542484375 0.7849821718750001 0.43055629843750004 0.7968602312499999 0.427594765625 0.8599274265625001 0.40642039218750003 0.8594750484375 0.4046060015625 0.7821470046875 0.28194128125
1 0.6211474906250001 0.32171514375 0.54627126875 0.33942269999999997 0.619196359375 0.46731995 0.6991977796875 0.4535550828125 0.7008795 0.45313578281250005 0.699343571875 0.44697551718749995 0.6211474906250001 0.32171514375
1 0.62525295625 0.32316225 0.7046270203125 0.452201421875 0.7827482015625 0.43272362343750004 0.78207538125 0.4300250890625 0.6988734984375 0.303306996875 0.62525295625 0.32316225
1 0.46487050312499995 0.3597069515625 0.3888364546875 0.3806079171875 0.3975828078125 0.40026256406250005 0.45933659687499995 0.51819019375 0.4765386109375 0.51390125 0.5359509421875 0.49564134062500004 0.533945771875 0.48759904687500005 0.46487050312499995 0.3597069515625
1 0 0.5392734703125 0.031123559375 0.6265660296875 0.0954719625 0.6105221703125 0.11560572656250001 0.6052462796875 0.1143724875 0.6003000296875001 0.0636053265625 0.47232168906250005 0 0.4862533 0 0.5392734703125
0 0.068315134375 0.4768512734375 0.1198271953125 0.6028393953125 0.1388170296875 0.5981046984375 0.202832375 0.58048888125 0.2018494078125 0.5765464203125 0.1509381015625 0.4596015734375 0.068315134375 0.4768512734375
1 0.3141313984375 0.42012905624999997 0.23360661249999998 0.43911106875000006 0.23387116875 0.44017215 0.2901146234375 0.5587716375 0.3741606984375 0.537816596875 0.3739137015625 0.5368259531249999 0.3141313984375 0.42012905624999997
0 0.23228748906250002 0.4385715515625 0.1517999703125 0.45809390937499994 0.2067523296875 0.58198456875 0.23756034375 0.5750955578125 0.290015828125 0.5620169374999999 0.289907625 0.561582959375 0.23228748906250002 0.4385715515625
1 0.37463706406249997 0.5372723953125 0.4547119234375 0.5185790265625 0.4532589734375 0.5127515578125 0.3929680296875 0.40183632812500003 0.31602284062499997 0.421217746875 0.37463706406249997 0.5372723953125
1 1 0.5860553656249999 0.9516155015625 0.509331975 0.8805893375 0.5236188625 0.9704366875 0.68867038125 1 0.6812994203125 1 0.5860553656249999
1 0.2488629375 0.6826499546875 0.160720159375 0.70130808125 0.2321100296875 0.8756176468750001 0.264308871875 0.8679484875 0.3239382890625 0.8530812031250001 0.322939865625 0.8490767453125001 0.2488629375 0.6826499546875
1 0.8043925062499999 0.5413912187500001 0.8925527109375 0.7113097046875 0.9107427093749999 0.7067744296875 0.9677306531250001 0.6902455062499999 0.9664436999999999 0.6850838218749999 0.8768394984375 0.525094784375 0.8043925062499999 0.5413912187500001
1 0.34444434375 0.6595894015625 0.4224855015625 0.8301209578125001 0.5123110890625 0.8077249234374999 0.5114782515625 0.8043845984375 0.428661825 0.6340492625 0.34444434375 0.6595894015625
0 0.070417075 0.7275162390625 0.1380111046875 0.901048390625 0.154138034375 0.8970274953124999 0.22934927031250002 0.8741445296875 0.22719366562499999 0.8654988734375 0.1586717390625 0.7031773375 0.070417075 0.7275162390625
1 0.7817528265625 0.5490585625 0.7004867734375 0.570345775 0.7905274578125 0.7382477 0.7995297296875 0.7361132734375 0.8731398125000001 0.71776021875 0.8717078 0.7120167296875 0.7817528265625 0.5490585625
1 0.513547575 0.8058062984375001 0.5446570046875 0.7980498468749999 0.601070775 0.7826575109375 0.6002442609374999 0.7793425453125 0.5196532484375 0.6208727625 0.439174528125 0.6375508625 0.43373520781249997 0.6389070375 0.513547575 0.8058062984375001
0 0.2532716953125 0.681379346875 0.3289545796875 0.85505116875 0.36329017656249996 0.84649034375 0.4216483359375 0.8316182515625 0.42016503906249997 0.8256690671875001 0.344197996875 0.6652349171874999 0.2532716953125 0.681379346875
0 0.606603221875 0.5978314171875 0.699444365625 0.762677690625 0.7277720265625 0.7556148125 0.7882069703125001 0.738800175 0.7871142859375 0.73441765625 0.698219490625 0.5713788421875 0.606603221875 0.5978314171875
1 0.6042788890625 0.598650809375 0.52187108125 0.6200135953125 0.5219281312499999 0.6202424140625 0.5937512765624999 0.7626529140625 0.6031418734375 0.780483734375 0.6960077515624999 0.762989771875 0.6955804515625 0.7612759609374999 0.6042788890625 0.598650809375
1 0 0.2494562265625 0.043973703125 0.2384923515625 0.0450296015625 0.2382178546875 0.04447949375 0.23601148749999998 0.00465865 0.147578259375 0 0.14875883125 0 0.2494562265625
1 0.0060446375 0.1473985375 0.04680755625 0.2377857921875 0.12235267968750001 0.21895027812499998 0.1213438609375 0.21490412656250002 0.0806178765625 0.1288295859375 0.0060446375 0.1473985375
0 0.1240598265625 0.2207291015625 0.20078274375 0.2041225859375 0.20046541874999999 0.2028498625 0.153593484375 0.1116386296875 0.08110400625 0.1284321734375 0.1240598265625 0.2207291015625
1 0.2262440078125 0.09600871718750001 0.1542395046875 0.111161428125 0.2007330546875 0.2040962140625 0.262400159375 0.1904738546875 0.27395731093750003 0.1875923328125 0.273103828125 0.1841691984375 0.2262440078125 0.09600871718750001
1 0.22659433906249998 0.09564958125 0.2751561359375 0.1872934328125 0.3497616640625 0.168692184375 0.349024803125 0.16573679218749998 0.3054051921875 0.0819242296875 0.22659433906249998 0.09564958125
1 0.9744070499999999 0.8793101812499999 0.8777164125000001 0.7194960265625 0.7928870109374999 0.7401183203125 0.88364215 0.9019404124999999 0.9744070499999999 0.8793101812499999
1 0.7028439546875 0.768319053125 0.791631278125 0.928101965625 0.8126057624999999 0.9228724406250001 0.8810846921875 0.9046341015625 0.8802118921875 0.9011334859375 0.7893518171875 0.7418715796875001 0.7872612718750001 0.7423928109375 0.7028439546875 0.768319053125
1 1 0.74726645625 0.9666433281250001 0.6917564953124999 0.88248909375 0.7165059609375 0.882550634375 0.7167527875 0.9819693296875001 0.888252715625 1 0.8840641265625001 1 0.74726645625
1 0.695865875 0.953720753125 0.7572866734375 0.9398857062499999 0.7910837671875 0.93145914375 0.69836548125 0.7681301046875 0.61186631875 0.7865588031249999 0.695865875 0.953720753125
1 0.39106571093750003 1 0.3235707390625 0.8577424718750001 0.236638521875 0.8788890593750001 0.2869888234375 1 0.39106571093750003 1
1 0.500312959375 1 0.418951428125 0.8358331031249999 0.40183431875000003 0.8401008781250001 0.327041078125 0.859067115625 0.32739995624999996 0.8605065 0.393927859375 1 0.500312959375 1
1 0.54201619375 1 0.60163389375 0.9851356375 0.600582165625 0.9809173875000001 0.5150035328125 0.8143104937500001 0.420511934375 0.8359595125 0.5010535875000001 1 0.54201619375 1
1 0.6993274281249999 0.96360645 0.6082514515625 0.7879114515625 0.5177947640625 0.812238240625 0.6051726656249999 0.9890843234375 0.699797475 0.9654917093750001 0.6993274281249999 0.96360645
1 0.282563175 1 0.23409268437500003 0.8800484578125 0.1399261421875 0.9060677187499999 0.1751866203125 1 0.282563175 1
1 0.518748759375 0.0222997734375 0.572765040625 0.119532534375 0.607637175 0.110837934375 0.642214359375 0.1015862296875 0.6412198375 0.09759741718750001 0.585811853125 0.0034205296875 0.518748759375 0.0222997734375
1 0.30614315312499996 0.081270715625 0.3496698484375 0.16710474375 0.40072358125 0.15437561875 0.420564459375 0.149107965625 0.420183175 0.1475787203125 0.37281505937500004 0.0659138515625 0.30614315312499996 0.081270715625
1 0.6096304781249999 0 0.5880961671875 0.004453946875 0.644353640625 0.1032162796875 0.6485365125 0.10225091718749998 0.7155125765625 0.085551909375 0.7152368171875 0.08444589687500001 0.654244528125 0 0.6096304781249999 0
1 0.5163505984375 0.026345837500000004 0.44619311250000004 0.0475331640625 0.497619525 0.13488774375 0.5652089328125001 0.11980614999999999 0.5692122125 0.1188080203125 0.567743315625 0.112916596875 0.5163505984375 0.026345837500000004
1 0.4443692296875 0.0492435984375 0.374449625 0.0651399203125 0.42360426249999994 0.15066044843749998 0.459306503125 0.1429899234375 0.4956840265625 0.1339199875 0.4951526046875 0.1317885703125 0.4443692296875 0.0492435984375
1 0.7394945015625 0 0.78978486875 0.067033746875 0.8580247609375 0.050019631249999995 0.8578373156250001 0.049267825 0.820397640625 0 0.7394945015625 0
1 0.6591104890625 0 0.7173693265625001 0.0899199703125 0.7232215875 0.08846083906249999 0.787223134375 0.06960853125000001 0.7865397749999999 0.066867725 0.734917159375 0 0.6591104890625 0
1 0.8222063000000001 0 0.8589571296875 0.050568901562500004 0.8985914140625001 0.0431258953125 0.89971511875 0.042845725 0.8890324796875 0 0.8222063000000001 0