1 0.952820721875 0.249106703125 0.8851970796874999 0.24440157031249998 0.9138023765625001 0.356563609375 0.947483825 0.3591639828125 0.9829353968750001 0.36102192187500004 0.9831727140625001 0.3564936328125 0.952820721875 0.249106703125
1 0.91108255625 0.35869657187500004 0.87748236875 0.24479529375000003 0.8099289171875 0.242556290625 0.8429431718749999 0.3564448359375 0.91108255625 0.35869657187500004
1 0.565151959375 0.233335615625 0.56043725 0.233088528125 0.5883155999999999 0.3476292890625 0.664368221875 0.3491866609375 0.6645181078125 0.34632664375 0.6375175343749999 0.23906050781250002 0.565151959375 0.233335615625
1 0.7179255265625 0.241691778125 0.641857246875 0.2376027546875 0.6691108531250001 0.3473159828125 0.7218637515624999 0.3535983125 0.746994140625 0.35491534062499996 0.7471227218750001 0.35246188749999996 0.7179255265625 0.241691778125
1 0.7224048437499999 0.240619315625 0.7523437890625 0.35832499218749997 0.8326503171875 0.3625336796875 0.83272499375 0.361108775 0.8012585953125001 0.24432827656249997 0.7224048437499999 0.240619315625
1 0.509499275 0.346821896875 0.5877371953125 0.348489365625 0.5878696531250001 0.34596190937500004 0.560615715625 0.23466900625 0.4848503296875 0.23069831093749998 0.509499275 0.346821896875
1 0.40067005 0.2287187390625 0.4246696515625 0.3458462515625 0.4341543875 0.3463433265625 0.506374771875 0.348506925 0.5064564375 0.346948634375 0.48291031562500003 0.2305942265625 0.40067005 0.2287187390625
0 0.17381829375 0.3514754203125 0.1559557421875 0.21351777031250002 0.0748358625 0.208492575 0.09060488125 0.347114390625 0.17381829375 0.3514754203125
1 0.1566613828125 0.2144522125 0.1565969140625 0.2156823625 0.17570818125 0.3556439671875 0.2513179171875 0.3602309375 0.260087103125 0.3606905109375 0.260317484375 0.356294559375 0.24357457187499998 0.22049455 0.159817484375 0.214617615625 0.1566613828125 0.2144522125
0 0.3201337359375 0.2240045265625 0.34501559375 0.36670606875 0.42384298593749997 0.3708372375 0.42410498125 0.3658380796875 0.39794330312500004 0.2257607078125 0.3201337359375 0.2240045265625
0 0.26152728125 0.361743634375 0.34283000937499997 0.36418695156249997 0.3430694296875 0.3596185609375 0.3178623140625 0.22519767656249998 0.24372707968750001 0.21976465156249997 0.26152728125 0.361743634375
1 0.8374136890624999 0.3662760546875 0.8749191265625 0.518084034375 0.9588272171875 0.522481471875 0.95891811875 0.5207469609375 0.9157457765625001 0.3687895859375 0.8374136890624999 0.3662760546875
1 1 0.3753798015625 0.919323384375 0.367915271875 0.9620460234375001 0.529705659375 0.9848150078125 0.5332313 0.9973455343750001 0.533887996875 1 0.483237778125 1 0.3753798015625
1 0.5114520421875 0.3558956609375 0.539346290625 0.5036266953124999 0.554974884375 0.50444575625 0.623318990625 0.5054936203125 0.6234981187499999 0.502075653125 0.5882060578125 0.35911076406250003 0.5687523703124999 0.358091240625 0.5114520421875 0.3558956609375
1 0.833572721875 0.3739612109375 0.7509062890625 0.3698326984375 0.7508905515625 0.37013297500000003 0.7928331796875 0.51691138125 0.8050580921874999 0.5175520609375 0.8715603390625001 0.5157419703125 0.8716582046875001 0.5138745984375 0.833572721875 0.3739612109375
1 0.66797936875 0.3649254421875 0.5911976937500001 0.359967575 0.6235427671875 0.50359755625 0.7040729640625 0.5138243 0.7058037921875 0.5139150078125 0.706136065625 0.5075748546875001 0.66797936875 0.3649254421875
0 0.6714823515624999 0.3675096375 0.70966074375 0.5141171421874999 0.790063159375 0.5183308546875 0.7902087125 0.5155535203125 0.747691140625 0.3700465296875 0.6714823515624999 0.3675096375
1 0.5074232125 0.35556621875 0.4286006390625 0.3533237078125 0.43121835624999993 0.3746767265625 0.4557950953125 0.505506540625 0.4734994296875 0.5064343859375 0.5356544046875 0.50634283125 0.536088190625 0.49806569375 0.5074232125 0.35556621875
1 0.00797543125 0.3392143125 0.0146069046875 0.48394949218749994 0.08083435781250001 0.487420325 0.10163089375 0.4882615078125 0.1018976859375 0.48317082187500004 0.090766053125 0.3459416453125 0.00797543125 0.3392143125
0 0.0939457421875 0.3516503234375 0.10637160937500001 0.48719403124999994 0.1259159703125 0.48821830781250003 0.1922845140625 0.4900884953125 0.1924971640625 0.486030909375 0.178001803125 0.35931096875 0.0939457421875 0.3516503234375
0 0.3456049765625 0.36927631562499996 0.26304893749999997 0.36388573750000003 0.2629917046875 0.364977803125 0.282102453125 0.49483905000000006 0.36860277343750003 0.499372340625 0.3686562078125 0.4983527671875 0.3456049765625 0.36927631562499996
0 0.2619451921875 0.36298411875 0.17926681093750002 0.35812116875 0.195595890625 0.4926649109375 0.22707189218749999 0.495084309375 0.2810591390625 0.4979136609375 0.2810825484375 0.4974670109375 0.2619451921875 0.36298411875
0 0.369217434375 0.49899119374999995 0.451258815625 0.5045262593750001 0.45157313906249996 0.49852862187499997 0.4263450984375 0.37483249375 0.34709546874999997 0.37087044062499996 0.369217434375 0.49899119374999995
1 0.85705390625 0.6338603843749999 0.8947189609375 0.817968759375 0.956245075 0.82119320625 0.9775562046875 0.8219253078125 0.9776996609375 0.8191880046875 0.9291536468749999 0.64096380625 0.85705390625 0.6338603843749999
1 0.206434753125 0.6012436484375 0.1166882875 0.59331605 0.13399557499999998 0.7808814953125001 0.167029728125 0.782961471875 0.2284003953125 0.786177771875 0.22861638750000002 0.782056378125 0.206434753125 0.6012436484375
1 0.7789903812500001 0.628578375 0.8136190453125 0.8168477812500001 0.8323402140624999 0.8178289171875001 0.8916706453125001 0.8186838906249999 0.89194905625 0.8133714796874999 0.8530364 0.6341754671875 0.7789903812500001 0.628578375
1 0.3045819609375 0.60713603125 0.32935448906250003 0.7930331953125 0.4218030921875 0.797878221875 0.42198326249999996 0.7944403546875 0.392586753125 0.6073346828124999 0.3045819609375 0.60713603125
0 0.022668495312500002 0.5919769687499999 0.0365730953125 0.7776891734375 0.0531709515625 0.7785590296875 0.131786146875 0.778665578125 0.1322524765625 0.7697674578125 0.11418285624999999 0.594504728125 0.022668495312500002 0.5919769687499999
1 0.7550982328125 0.6292914921875 0.6711593406249999 0.6258886593749999 0.708175903125 0.8127794171874999 0.7174088640625 0.8133702640625 0.79316845 0.8173406562500001 0.79347824375 0.81142945 0.7550982328125 0.6292914921875
1 0.42354650156250007 0.7964049453125 0.4555643640625 0.79808293125 0.5140134046875 0.79985695625 0.5141922078125 0.796445190625 0.48345471875 0.6213372515625 0.40161633124999996 0.613756896875 0.3960181765625 0.613463509375 0.42354650156250007 0.7964049453125
0 0.21102236093750001 0.6013175578125 0.23262153593749998 0.78952828125 0.2679597734375 0.7913802796875 0.3281161390625 0.7942203015625 0.32843702656249996 0.78809739375 0.3026957890625 0.6124628390625 0.21102236093750001 0.6013175578125
1 0.5733420296875 0.624724415625 0.613930071875 0.8095118140625001 0.643084934375 0.8110397562499999 0.70579528125 0.8126293062500001 0.7060316671875 0.8081188125000001 0.6686890890625 0.6262136968750001 0.5733420296875 0.624724415625
0 0.57087969375 0.624828434375 0.48582683906249996 0.6211640578125001 0.48581449687499995 0.6213995578125 0.5128625109375 0.7785864515625 0.5166295562500001 0.7983836953125001 0.610552378125 0.808805490625 0.6106448171875 0.8070416343750001 0.57087969375 0.624828434375
1 0.053910623437500006 0.0144911796875 0.0632885453125 0.11255080312500002 0.14035732031249998 0.11658980625 0.1414473359375 0.11663601875 0.14156634375 0.1143652234375 0.12934085625 0.01815361875 0.053910623437500006 0.0144911796875
1 0.130718828125 0.018386973437500002 0.1432739265625 0.11674265937499999 0.2210250578125 0.12081742343749999 0.22124329843749999 0.11665311874999999 0.2074626078125 0.022432501562500002 0.130718828125 0.018386973437500002
1 0.9744822843750001 1 0.9839774609375 0.818821215625 0.893587715625 0.8199092125 0.9356631890625 1 0.9744822843750001 1
0 0.2221375328125 0.1230176421875 0.3003632984375 0.12956836249999998 0.30043194687499997 0.12825847343750002 0.282275678125 0.0273287109375 0.20804368750000002 0.022194584375 0.2221375328125 0.1230176421875
1 0.3563214625 0.0336227078125 0.28303298906249996 0.0270612390625 0.3003234921875 0.129528615625 0.36327882968749997 0.1345312046875 0.3751734640625 0.13515457656250002 0.3753581015625 0.13163148125 0.3563214625 0.0336227078125
1 0.3567614875 0.0333816921875 0.3764072953125 0.1352192375 0.453191396875 0.139243321875 0.4533508046875 0.1362016296875 0.43614158437499995 0.043298135937499996 0.3567614875 0.0333816921875
1 0.8424146234375 1 0.7970375749999999 0.820338684375 0.7098854390625 0.8152581671875 0.7493628078125 0.9965436375 0.8153141359375 1 0.8424146234375 1
1 0.615531740625 0.8159006203124999 0.6537234765625 0.9946606796875 0.675310440625 0.9957920046875 0.7461295421874999 0.998371896875 0.746318359375 0.994769059375 0.7059921124999999 0.8159012265625 0.703840521875 0.815788465625 0.615531740625 0.8159006203124999
1 0.9351226390624999 1 0.890189059375 0.8198109546874999 0.802475921875 0.81887466875 0.8024626093749999 0.8191287031250001 0.844555728125 1 0.9351226390624999 1
1 0.5546523578125 0.9911609546875001 0.6174343359375001 0.9958881359375 0.6522183453125 0.9977110890625 0.6113041984375001 0.8144105484375 0.5231966078125 0.8067440921875001 0.5546523578125 0.9911609546875001
1 0.137369725 0.7853339640625 0.1561714671875 0.9779729500000001 0.2540667765625 0.9831034265625 0.254327971875 0.9781195468749999 0.22668608125 0.790527903125 0.137369725 0.7853339640625
1 0.2296174953125 0.7928092953125 0.2295398578125 0.7942907109374999 0.257779190625 0.9832979859375 0.3554900890625 0.988418796875 0.3555627 0.9870332953125001 0.32430476874999997 0.797462484375 0.30668781875 0.79653921875 0.2296174953125 0.7928092953125
1 0.3257601296875 0.7980396171875 0.356433725 0.98846825 0.4553530421875 0.9936523921875 0.45558056718750006 0.9893109640625 0.42245245468750003 0.8049632296875 0.3257601296875 0.7980396171875
1 0.5547737609375 1 0.5193442171875 0.8069807515624999 0.4257275921875 0.8037976 0.45758270312500005 0.9984631765625 0.4869070390625 1 0.5547737609375 1
1 0.1345961546875 0.7856983718749999 0.036936946875 0.7830490828125 0.0488427359375 0.973600928125 0.09206682499999999 0.97774265625 0.15091955625 0.9808269984375 0.1512033765625 0.9754114015625 0.1345961546875 0.7856983718749999
1 0.6575955578125 0.0486546078125 0.6808234765625001 0.1574315921875 0.71671391875 0.1593125296875 0.75248518125 0.160574471875 0.75270033125 0.15646918125 0.7272480703124999 0.050207648437499995 0.6575955578125 0.0486546078125
1 0.43703837031250004 0.0428889359375 0.45356771562500003 0.1376984 0.506112278125 0.14045214374999998 0.5266263171875 0.14121557499999998 0.5267088015625 0.1396416734375 0.50528694375 0.0476960734375 0.43703837031250004 0.0428889359375
1 0.790492715625 0.05757160625 0.7291304281250001 0.0518637796875 0.7540544062500001 0.1627587609375 0.75833675 0.163058534375 0.827268596875 0.16667110000000002 0.827328253125 0.1655327890625 0.790492715625 0.05757160625
1 0.6541192296875 0.051822723437499996 0.58083271875 0.051572201562499996 0.6044720328125 0.150145428125 0.6735175359375 0.155484059375 0.6776377171875 0.1556999890625 0.6779554890624999 0.149636528125 0.6541192296875 0.051822723437499996
1 0.578588446875 0.052674646874999995 0.5070763625 0.0474338609375 0.5290793921875 0.1435889734375 0.565464259375 0.1466919375 0.6029040515624999 0.148654075 0.6030190156249999 0.1464604171875 0.578588446875 0.052674646874999995
1 0.8642174375 0.061450729687500004 0.9037097296875001 0.170677209375 0.973942309375 0.1743579421875 0.9739828609375 0.17358418281250002 0.9353219609375 0.068687640625 0.8642174375 0.061450729687500004
0 0.85059051875 0.0614975375 0.7958689531250001 0.0597008390625 0.82776711875 0.1713911578125 0.833790271875 0.17170681875 0.9005071375 0.172390509375 0.900654971875 0.1695696671875 0.8691167203125 0.0859672828125 0.85959379375 0.061969379687500006 0.85059051875 0.0614975375
1 1 0.07174692031249999 0.937861284375 0.0682924140625 0.974673346875 0.1751558109375 1 0.17798061874999999 1 0.07174692031249999