1 0.9342162421875001 0.21813068906250002 0.8664291140625 0.21815420468750002 0.9027887578125 0.32804761875 0.9365695531249999 0.328292159375 0.9720643703125 0.32767259375 0.97198523125 0.32313878125 0.9342162421875001 0.21813068906250002
1 0.90022435 0.3303651109375 0.8587606593749999 0.2190851203125 0.79121558125 0.2215638609375 0.8320938765625 0.332872021875 0.90022435 0.3303651109375
0 0.5463916859375 0.229440425 0.541671225 0.229522821875 0.577471625 0.341839871875 0.653447621875 0.3380882859375 0.6533976390625 0.33522478125 0.6189803296874999 0.23010340468749998 0.5463916859375 0.229440425
1 0.699376 0.22711928750000002 0.6232077828125 0.22834647968750002 0.6580482078125 0.3358913375 0.7111108374999999 0.3384785078125 0.73627188125 0.3380393203125 0.7362290046875 0.33558287343750004 0.699376 0.22711928750000002
1 0.7037695953124999 0.2257369765625 0.74184634375 0.34106749375 0.8222508312500001 0.33966402812499996 0.8222259296875001 0.33823738593749997 0.7826899859374999 0.22393634375000002 0.7037695953124999 0.2257369765625
1 0.498790971875 0.3465323953125 0.5769546234375 0.3427382 0.576910453125 0.3402076609375 0.541959503125 0.231087 0.466101696875 0.23241110312500002 0.498790971875 0.3465323953125
1 0.3819883890625 0.2363084734375 0.4140999296875 0.3514765421875 0.42359623593749995 0.3513107828125 0.4957916203125 0.348431271875 0.49576438749999996 0.3468710828125 0.46415914843749995 0.2324426015625 0.3819883890625 0.2363084734375
0 0.16425230625 0.3745905046875 0.13680982656250001 0.23821494062499998 0.0555370109375 0.2388606234375 0.0809373859375 0.376044771875 0.16425230625 0.3745905046875
0 0.13757893125 0.23909788281250002 0.1376004296875 0.240329534375 0.1664283734375 0.37861706562499997 0.24217389687500002 0.3779185921875 0.2509537796875 0.3777653390625 0.2508769546875 0.373364025 0.224701896875 0.23906274375 0.1407388828125 0.2390427265625 0.13757893125 0.23909788281250002
0 0.30131941093750003 0.237223675 0.3360950140625 0.37784193125 0.41501856249999997 0.376464315625 0.4149311953125 0.37145906093750003 0.3790619421875 0.23354785625000002 0.30131941093750003 0.237223675
0 0.2524639125 0.3787154359375 0.333739028125 0.37548140937499996 0.3336591890625 0.370907446875 0.29913675 0.23857236249999997 0.2248031171875 0.2383239859375 0.2524639125 0.3787154359375
1 0.8272636546875001 0.343065009375 0.8752673203124999 0.49188694687499995 0.959277765625 0.4904205390625 0.9592474531249999 0.4886839125 0.905580265625 0.3401082484375 0.8272636546875001 0.343065009375
1 0.9952637328125 0.34092131718749996 0.90908816875 0.3389865015625 0.9629926640625 0.49740259687500005 0.985952121875 0.4993313640625 0.9984979328125 0.49911237656249996 0.9963578249999999 0.3765056671875 0.9952637328125 0.34092131718749996
1 0.5013719359375 0.3554478375 0.53950343125 0.500873203125 0.5551510875 0.500600071875 0.6234018078125 0.49687793906250005 0.6233420734374999 0.493455803125 0.57816325625 0.3533010203125 0.5586858390625 0.353641 0.5013719359375 0.3554478375
1 0.8239681328125 0.350999378125 0.74121508125 0.35264744062500003 0.7412203296875 0.352948084375 0.79329953125 0.496443175 0.8055393562500001 0.49622952812500004 0.8717533421875 0.489784884375 0.87172070625 0.4879152359375 0.8239681328125 0.350999378125
1 0.6581478546875 0.3535368296875 0.5812073718749999 0.35394705625 0.6234927765625 0.494970884375 0.7045401874999999 0.4995552140625 0.7062731265625 0.49952496562500004 0.7061623234375001 0.493177078125 0.6581478546875 0.3535368296875
1 0.66182256875 0.3558703734375 0.7101347828125 0.49945755937499997 0.790635275 0.49805241875000006 0.7905867375 0.495271696875 0.7380226828125 0.3530850296875 0.66182256875 0.3558703734375
1 0.4973299390625 0.355400234375 0.41854294375 0.35866157187500003 0.4226437953125 0.3797799734375 0.45628689375000003 0.5085767046874999 0.47401282343749995 0.5082672984375 0.53601000625 0.5038402546875 0.5358653515625 0.4955530203125 0.4973299390625 0.355400234375
1 0 0.39151244687500003 0.014669670312499999 0.5178479 0.0809779109375 0.5166904859375 0.101782465625 0.5160789265625 0.1016934984375 0.51098203125 0.081016359375 0.374863640625 0 0.3739508828125 0 0.39151244687500003
0 0.08458651874999999 0.3803366078125 0.1064371703125 0.5146833546875 0.1260053703125 0.514341790625 0.192342703125 0.5115777859375 0.192271790625 0.50751525 0.168972203125 0.3821151390625 0.08458651874999999 0.3803366078125
1 0.3368622515625 0.3803648046875 0.2541312875 0.38074617499999996 0.254150371875 0.3818395734375 0.2822732296875 0.5100513875 0.3688790671875 0.5085396765625 0.3688612484375 0.507518859375 0.3368622515625 0.3803648046875
0 0.2529673375 0.37992374687499997 0.1701511328125 0.3808399953125 0.1958257328125 0.5139169359375 0.22739383124999998 0.5141347859375001 0.2814469328125 0.5131912859375001 0.2814391265625 0.512744090625 0.2529673375 0.37992374687499997
1 0.36946564375 0.50811658125 0.45169328281250004 0.507915246875 0.451588465625 0.50191029375 0.4177932734375 0.3802753015625 0.3384603140625 0.3818510734375 0.36946564375 0.50811658125
1 0.8655217687500001 0.608627484375 0.915937825 0.78966 0.977538990625 0.7885847484374999 0.9988492765625001 0.7878284765625 0.9988014390625001 0.785087834375 0.9379413890625001 0.6106841796875 0.8655217687500001 0.608627484375
1 0.2142122640625 0.6214751 0.12413141406249999 0.619827209375 0.154480446875 0.8057284593749999 0.18757922031250002 0.8054990234374999 0.24902475000000002 0.8044264875 0.24895272343750002 0.800300065625 0.2142122640625 0.6214751
1 0.7872799484375 0.6088037796875 0.83495726875 0.794198996875 0.853701275 0.7938718203125 0.91294681875 0.7905860296875 0.912853978125 0.7852671375 0.861536028125 0.6092220484374999 0.7872799484375 0.6088037796875
1 0.3125314203125 0.6205067265624999 0.350211134375 0.8042230109374999 0.44277251093750003 0.8026073453125001 0.4427124296875 0.7991652859375 0.4003356953125 0.614565990625 0.3125314203125 0.6205067265624999
0 0.030247239062499997 0.62504988125 0.0570725984375 0.8093397625 0.0736907 0.8090496921874999 0.152121825 0.8036720624999999 0.15196631875 0.7947630875 0.12171500312500001 0.6211877625 0.030247239062499997 0.62504988125
1 0.7634957453125 0.611181790625 0.6795239546875 0.613642528125 0.7294871875 0.797495884375 0.738738871875 0.797441234375 0.814590871875 0.7961172328125 0.8144875656250001 0.7901988171875 0.7634957453125 0.611181790625
1 0.4444089015625 0.8010160453124999 0.47646582187500003 0.8004564890625 0.5348962328125 0.79814899375 0.5348366078125 0.794733065625 0.49195908125 0.6221958203125 0.40979126875 0.6203426875 0.40418628593749995 0.6204405234375 0.4444089015625 0.8010160453124999
0 0.2187938515625 0.6212288140625 0.253469328125 0.8074743828125 0.2888506734375 0.8068568 0.349058609375 0.8054936078124999 0.348951603125 0.79936323125 0.3110214234375 0.62595213125 0.2187938515625 0.6212288140625
0 0.5818637078125 0.6193045109375 0.635242996875 0.8008104984375001 0.6644334234375 0.800300978125 0.7271018921875 0.7975122031249999 0.727023065625 0.792996209375 0.6770823921875 0.6141390906249999 0.5818637078125 0.6193045109375
1 0.579414625 0.619580040625 0.4943133421875 0.6218575765625001 0.4943174578125 0.6220933640624999 0.5322643874999999 0.7770105843749999 0.5374032421875 0.796496828125 0.631824259375 0.8003415109375001 0.631793434375 0.7985755046875 0.579414625 0.619580040625
1 0.021129890625 0.0467914765625 0.0373252625 0.14395806093750002 0.1144880484375 0.14261117968749998 0.1155786328125 0.14258124218749998 0.11553894843750001 0.140307678125 0.09663185937499999 0.045183246875 0.021129890625 0.0467914765625
1 0.098022753125 0.0453199109375 0.1174082125 0.1425602078125 0.1952541875 0.1412014015625 0.195181409375 0.1370320171875 0.174861790625 0.044002209375000004 0.098022753125 0.0453199109375
1 1 0.7846973312500001 0.9149446937500001 0.7916746390625 0.9714138171875 0.9746574875 1 0.9741585140625 1 0.7846973312500001
0 0.19651743125 0.1433186578125 0.2750095984375 0.1443966671875 0.27498670625 0.14308518125 0.24983416093750002 0.0436677953125 0.1754248578125 0.0437243375 0.19651743125 0.1433186578125
1 0.32413862031249996 0.0447812875 0.2505709703125 0.043348146875 0.274967115625 0.1443597953125 0.33811806093749996 0.1449586546875 0.35002720468750004 0.1447507796875 0.349965634375 0.14122338750000002 0.32413862031249996 0.0447812875
1 0.32456076093749997 0.044510165625 0.3512625421875 0.1447292171875 0.42814030625 0.14338731093749998 0.4280871484375 0.1403419078125 0.4044392296875 0.0488651765625 0.32456076093749997 0.044510165625
1 0.876921803125 0.9763068515625 0.818659703125 0.7988380625 0.7313654671875 0.7998493453125 0.78339250625 0.9779394109374999 0.876921803125 0.9763068515625
1 0.6372864234375 0.807072015625 0.6878547984375001 0.9827325046875 0.7094680953125 0.9823552421875 0.7802946484375 0.9799887593750001 0.780231684375 0.9763815265625 0.72752648125 0.8007624234374999 0.725372265625 0.800800025 0.6372864234375 0.807072015625
1 0.9741523187500001 0.9844662718749999 0.9115474625 0.7918136984374999 0.823982678125 0.7969982515625 0.8239871171875001 0.797252596875 0.8822786296875 0.9867213328125001 0.9090722375 0.9866848296875 0.9741712093749999 0.9855485234374999 0.9741523187500001 0.9844662718749999
1 0.588780884375 0.9861521546875001 0.6517396796875 0.986488371875 0.6865661203125 0.9858804734375 0.6329652375 0.805880471875 0.5445374875 0.804378765625 0.588780884375 0.9861521546875001
1 0.2357758515625 1 0.28836545 0.9990820453125 0.28827835 0.9940920859375 0.2476180625 0.8088856078125 0.15815696562499998 0.8099347140625 0.190216978125 1 0.2357758515625 1
1 0.250701478125 0.8109569562500001 0.2507273671875 0.8124401796875 0.29208239062499997 0.999017165625 0.38991248125 0.997309534375 0.3898882671875 0.9959223421875001 0.3454826875 0.8089937609375 0.32784424687499997 0.809301640625 0.250701478125 0.8109569562500001
1 0.34697476250000003 0.8094679671874999 0.39085726875 0.99729304375 0.48989725 0.99556429375 0.489821378125 0.9912175703124999 0.4439145171875 0.8096297968749999 0.34697476250000003 0.8094679671874999
1 0.504363434375 1 0.5899638281249999 0.9985058390624999 0.58992991875 0.9965631625 0.5407109906249999 0.804883578125 0.4471003640625 0.8082385453125 0.49240795937500004 1 0.504363434375 1
1 0.1852407640625 1 0.18521605000000002 0.9985841453125 0.1554155703125 0.810491709375 0.0578094515625 0.8146612359375001 0.08245736249999999 1 0.1852407640625 1
1 0.6257273999999999 0.0387607515625 0.6564866359375 0.1456524625 0.6924208578125 0.14502522812500002 0.7281930125 0.14378881875 0.7281212671875 0.1396785203125 0.6953185765625001 0.0354512953125 0.6257273999999999 0.0387607515625
1 0.4053052859375 0.0483944171875 0.428407940625 0.1418199015625 0.4810165984375 0.14090161406249999 0.5015339203125 0.140232196875 0.5015064140625001 0.13865637656250002 0.4737229375 0.048429065625 0.4053052859375 0.0483944171875
1 0.7589228453125 0.0383855921875 0.697311875 0.036972085937499996 0.7299107828125 0.1458583234375 0.73420360625 0.14585864531249998 0.8032195390625001 0.14465396875 0.8031996453125 0.1435142703125 0.7589228453125 0.0383855921875
1 0.6224805359375 0.042163646875 0.549355071875 0.04702594375 0.5798129234375 0.14371005625 0.6490626390625 0.1442193109375 0.6531878453125 0.1441473046875 0.653081878125 0.1380764484375 0.6224805359375 0.042163646875
1 0.5471931703124999 0.04828225625 0.47548970625000003 0.0480426671875 0.5041465796875 0.14242869687499998 0.5406592671875 0.1429860234375 0.5781447296875 0.1423317125 0.5781063921875 0.1401353796875 0.5471931703124999 0.04828225625
1 0.832738571875 0.0371124890625 0.879753915625 0.14331805625 0.95007216875 0.142090646875 0.9500586468750001 0.14131594218750002 0.9041747078125001 0.039371771875 0.832738571875 0.0371124890625
1 0.8191481125 0.03810975 0.7644345140625 0.040134610937499995 0.8040461000000001 0.14932775468749998 0.8100766 0.1492224921875 0.8766786390625001 0.145250584375 0.876629340625 0.1424263015625 0.839336109375 0.061227564062499996 0.8281623703125 0.0379524046875 0.8191481125 0.03810975
1 0.95085708125 0.1428355765625 0.991149853125 0.144499109375 0.9923077828125001 0.14447889687499998 0.99044228125 0.03760443125 0.9066802765625 0.0388003734375 0.95085708125 0.1428355765625