1 0.8966284312499999 0.1673140515625 0.8293494453125 0.175598565625 0.8788307078125 0.2802417234375 0.9123895078125001 0.2763675984375 0.9475442453125 0.271426921875 0.9469131656249999 0.26693654843750003 0.8966284312499999 0.1673140515625
1 0.876567846875 0.28285446406250003 0.8218515999999999 0.1774570921875 0.755112075 0.18814903125 0.809250721875 0.29364570625 0.876567846875 0.28285446406250003
0 0.513072971875 0.2258034109375 0.5083977375 0.22646047187499999 0.5576192921875001 0.3335773578125 0.632571771875 0.320594590625 0.6321731890625 0.317758521875 0.585201346875 0.21761511875 0.513072971875 0.2258034109375
1 0.6646340890625 0.2048554765625 0.589183175 0.21535609218750001 0.6368703265625 0.317853346875 0.68985273125 0.313954525 0.7147727046875 0.3104522515625 0.71443078125 0.30801934062499997 0.6646340890625 0.2048554765625
1 0.668826471875 0.20294802343749999 0.7206746578125001 0.312778496875 0.8003087828125001 0.30158665 0.8001102031249999 0.3001736765625 0.7469391609375 0.1915428359375 0.668826471875 0.20294802343749999
1 0.48009698749999996 0.3478236625 0.5572156234375 0.334531996875 0.5568633859375 0.3320257015625 0.5088744937499999 0.227977859375 0.43374348593749995 0.238536834375 0.48009698749999996 0.3478236625
1 0.350732115625 0.25265598749999996 0.396639759375 0.36305219843750003 0.40604508125 0.36173036718749996 0.4773514078125 0.350073915625 0.47713423749999995 0.3485286734375 0.43181925625 0.238804834375 0.350732115625 0.25265598749999996
0 0.1514713453125 0.41644263906249995 0.10761341875 0.28442799375 0.0270250859375 0.294973528125 0.0689546734375 0.4280396015625 0.1514713453125 0.41644263906249995
0 0.10848439375 0.285210625 0.10865583281249999 0.2864304765625 0.15412190625 0.42017399062500005 0.22921771249999998 0.41024966718749994 0.23791347499999999 0.40902755625 0.2373008375 0.40466841249999996 0.194953675 0.27455812968750004 0.11161406874999999 0.284770778125 0.10848439375 0.285210625
0 0.27077596718749997 0.2633954421875 0.3224294125 0.398727471875 0.40059678749999994 0.3877417640625 0.399900084375 0.382784465625 0.3474910484375 0.25027259218750003 0.27077596718749997 0.2633954421875
0 0.23952813750000002 0.4097865328125 0.3198033140625 0.3966716671875 0.31916664375 0.39214152812499997 0.268773940625 0.26500007812500004 0.194964109375 0.2738125421875 0.23952813750000002 0.4097865328125
1 0.8056987171875001 0.304351371875 0.8714814015625001 0.44621383750000004 0.9546869359375 0.4345200625 0.9544452078125 0.432800075 0.8830712281249999 0.29187225781250004 0.8056987171875001 0.304351371875
1 0.972185296875 0.28174959843749997 0.886416278125 0.290331365625 0.9592250437500001 0.44099734531249996 0.982248421875 0.44011368281249996 0.9946740296875 0.43836737656249997 0.977607875 0.3169353734375 0.972185296875 0.28174959843749997
1 0.48374523125 0.3563581109375 0.5393153953125001 0.49605243750000005 0.55481313125 0.49387437187499994 0.6221015046875 0.4818623140625 0.6216251640625 0.47847296406249995 0.5597025312499999 0.3448687875 0.5404117281249999 0.3475799328125 0.48374523125 0.3563581109375
1 0.8033947156250001 0.312628221875 0.721459340625 0.3243490609375 0.7215011890625 0.3246468234375 0.790679853125 0.46072546562500005 0.8028024078125 0.45902175312500004 0.8677374390624999 0.444555690625 0.8674771953124999 0.4427039546875 0.8033947156250001 0.312628221875
1 0.639119675 0.33535516875 0.5628026890625 0.34513902500000004 0.621959384375 0.47995838749999997 0.70296136875 0.4746313515625 0.7046777046875 0.4743901359375 0.7037941156249999 0.4681030671875 0.639119675 0.33535516875
1 0.643051384375 0.337223484375 0.7085023640625 0.473852615625 0.7882315734375 0.4626474046875 0.7878445125 0.4598933265625 0.718344065625 0.3251724421875 0.643051384375 0.337223484375
1 0.47972756250000004 0.3568034578125 0.40192529062500004 0.3696422046875 0.4085692609375 0.390103425 0.4576579625 0.5138400640625 0.47521405781250003 0.5113727156250001 0.536209603125 0.49942311406249995 0.5350560671875 0.49121528124999997 0.47972756250000004 0.3568034578125
1 0 0.4924310046875 0.0204623609375 0.576861753125 0.086135296875 0.567632025 0.106710246875 0.5644895859375 0.1060007875 0.559441525 0.0688891140625 0.4268576484375 0 0.43452942656250004 0 0.4924310046875
0 0.07309965 0.4318547296875 0.11116017812500001 0.5625371515625 0.13054089375 0.55981336875 0.19604691093749999 0.5489854796875 0.195481428125 0.5449618671875001 0.157073084375 0.423335975 0.07309965 0.4318547296875
1 0.3234983921875 0.4011380375 0.2414305703125 0.411598934375 0.24158276406249998 0.41268185468749996 0.2851210890625 0.5365106843749999 0.3708971484375 0.5244556453125 0.37075505625 0.523444609375 0.3234983921875 0.4011380375
0 0.24017506718749998 0.410924484375 0.15808782500000002 0.42192666093750003 0.19978905 0.5508827203125 0.23114839375 0.5472517625 0.2846836078125 0.5397278796875 0.2846213609375 0.5392849671875 0.24017506718749998 0.410924484375
1 0.3714277890625 0.5239642171875001 0.4530179796875 0.51374335625 0.45218212500000005 0.5077959359374999 0.40381525937499996 0.391186190625 0.3252656734375 0.4024184734375 0.3714277890625 0.5239642171875001
1 1 0.6616565859375 0.9481660484375001 0.5564875265625 0.8760355859375 0.56327189375 0.9481381609374999 0.73681085 1 0.72952214375 1 0.6616565859375
1 0.2311465734375 0.6553984078124999 0.14153634531249998 0.66474089375 0.1943148234375 0.845557846875 0.2271389234375 0.8412963953125001 0.2879957375 0.8327435281250001 0.28742136406249996 0.8286566421874999 0.2311465734375 0.6553984078124999
1 0.7983984515625 0.572982153125 0.8683143875000001 0.7511850609375 0.8868788046875 0.7485760015625 0.9452823046875001 0.7380944875 0.9445419453125 0.73282655625 0.8721520125 0.564347765625 0.7983984515625 0.572982153125
1 0.328614859375 0.6424551609375 0.38840309687499996 0.8202100484375 0.480077634375 0.8073260328125 0.47959851875000004 0.8039169515625 0.41504065937499995 0.62585805625 0.328614859375 0.6424551609375
0 0.048988453125 0.6813662375 0.0980731453125 0.8610132625 0.114532028125 0.8587001171875001 0.1917231703125 0.843804221875 0.19048309218749998 0.8349806046875001 0.13930375625 0.6663857921874999 0.048988453125 0.6813662375
1 0.7750813390625 0.5782410046875001 0.69203535 0.5909169875 0.7640322515625 0.7673109421875 0.773208315625 0.766129203125 0.848333571875 0.7555710359375001 0.8475097625 0.749709325 0.7750813390625 0.5782410046875001
1 0.481507896875 0.8055471671875001 0.5132576765625 0.8010850265625 0.5709713437499999 0.79167385625 0.570495865625 0.7882906562499999 0.5069109421875 0.6222649328125 0.42512975624999993 0.6304393515625 0.4195784734375 0.6312195328125 0.481507896875 0.8055471671875001
0 0.2356639953125 0.6545956015625001 0.29277863125 0.8352270468749999 0.327820984375 0.8303021656249999 0.387414009375 0.8216116328125 0.3865606953125 0.815539990625 0.32777974374999996 0.6480439984374999 0.2356639953125 0.6545956015625001
0 0.5957930703125001 0.6084385578125 0.67089449375 0.782086328125 0.6998052453125 0.7780231875 0.7616667265625 0.767617834375 0.761038125 0.7631451078125 0.689672503125 0.5917074 0.5957930703125001 0.6084385578125
0 0.593395821875 0.6090105015625 0.5092064328125 0.6216422984375 0.509239253125 0.6218758265625 0.5657829921875 0.77101375 0.57325831875 0.7897284765625 0.667444084375 0.782037475 0.667198265625 0.7802883890625 0.593395821875 0.6090105015625
1 0 0.20263006562500002 0.07380685625 0.1922571890625 0.0748856625 0.1920945671875 0.0745691953125 0.18984278593749998 0.044210284375 0.09773159375 0 0.10411833906250001 0 0.20263006562500002
1 0.045607465624999996 0.09769773125 0.076699040625 0.1918507203125 0.153799165625 0.18101500312500002 0.1532188125 0.17688556718749998 0.12171316875 0.087025528125 0.045607465624999996 0.09769773125
1 1 0.72804808125 0.94739795625 0.738931503125 1 0.8562478640625001 1 0.72804808125
0 0.1553110234375 0.182962528125 0.23334949843750002 0.1744667125 0.233166946875 0.1731677921875 0.196085953125 0.0775567734375 0.122238175 0.08668110625 0.1553110234375 0.182962528125
1 0.26997225937499997 0.0696065296875 0.1967783140625 0.0771497125 0.2333028390625 0.1744352921875 0.2960560484375 0.167333525 0.307851090625 0.16567584062500001 0.307360096875 0.16218224375 0.26997225937499997 0.0696065296875
1 0.2703582109375 0.06928598281250001 0.309074590625 0.1655038875 0.3852157828125 0.154802940625 0.3847918796875 0.15178671562499998 0.3501720203125 0.063873796875 0.2703582109375 0.06928598281250001
1 0.9321594890625 0.9268213203125001 0.8527036609374999 0.7577757203125 0.766183346875 0.76941795625 0.8395263046875 0.9398400640625001 0.9321594890625 0.9268213203125001
1 0.6736857765625001 0.788052140625 0.7452848515625 0.9562405484375001 0.7666910687499999 0.9532320999999999 0.836701290625 0.9422516703125 0.836199184375 0.9386789999999999 0.762484253125 0.7707920828125 0.7603506765625 0.7710919374999999 0.6736857765625001 0.788052140625
1 1 0.859471609375 0.9440429953124999 0.73948354375 0.8577627421875 0.755300915625 0.8577981453125 0.7555528234375 0.9387455921875001 0.9365053390625 0.9653350359375 0.9332037890624999 1 0.928331946875 1 0.859471609375
1 0.64736616875 0.9717087828125001 0.7098966546875001 0.964369746875 0.74438941875 0.9595221046875 0.6692515875 0.7873961 0.581299953125 0.79668221875 0.64736616875 0.9717087828125001
1 0.3443678015625 1 0.287142965625 0.8373408421875 0.1984765515625 0.8492846937499999 0.24333360625 1 0.3443678015625 1
1 0.4490515109375 1 0.3842913015625 0.825521490625 0.3668218578125 0.8279766609375001 0.29045583124999996 0.839020978125 0.2906622875 0.8404899890624999 0.3471403171875 1 0.4490515109375 1
1 0.5012823296875 1 0.55036665 0.9931016484375 0.5497616109375 0.9887965703124999 0.48206694843750003 0.8141569640625 0.385830046875 0.825810325 0.44974825625000003 1 0.5012823296875 1
1 0.649775421875 0.9819021546875 0.5775634984375 0.7976496 0.48505950000000003 0.8123878265625001 0.5534732859375 0.99739860625 0.65004583125 0.9838262203125 0.649775421875 0.9819021546875
1 0.23879410937499998 1 0.195823471875 0.8501716296874999 0.09945303125 0.8662052703124999 0.134242178125 1 0.23879410937499998 1
1 0.5685793234375 0.02687644375 0.61213610625 0.1292227921875 0.647726040625 0.124220953125 0.6830808734375 0.11863423125000001 0.6825087437499999 0.1145633125 0.63724845625 0.015110624999999999 0.5685793234375 0.02687644375
1 0.35097425000000004 0.063301 0.385290403125 0.15321459843750002 0.4373950125 0.14589177343749998 0.45767782031250004 0.1427269140625 0.457458475 0.14116619218749998 0.41888614999999996 0.054997375 0.35097425000000004 0.063301
1 0.700736228125 0.0102716390625 0.639412234375 0.0163771578125 0.6850380484375 0.120478965625 0.6892989140625 0.119956121875 0.7576535984375 0.1103494984375 0.757494959375 0.10922071874999999 0.700736228125 0.0102716390625
1 0.56577136875 0.0306496671875 0.49378353593749996 0.044387473437500005 0.5357971890625 0.1366390390625 0.604592790625 0.1287050796875 0.608678471875 0.128130875 0.6078334437499999 0.122118184375 0.56577136875 0.0306496671875
1 0.4917908546875 0.045897890625 0.420592659375 0.054398542187499996 0.4605386921875 0.1445886390625 0.496847140625 0.1406920328125 0.5339734515625 0.13547427031249998 0.533667734375 0.13329898125 0.4917908546875 0.045897890625
1 0.7739804125 0 0.7738465921875 0.0000121515625 0.83345469375 0.0996963484375 0.9030992203125001 0.0899084484375 0.9029913859375001 0.08914116718750001 0.8489375515625 0 0.7739804125 0
1 0.7604789703125 0.0026582374999999997 0.706419965625 0.011335917187499999 0.7590435906249999 0.11488771406250001 0.7650163125 0.114048303125 0.8306378546875001 0.101989253125 0.83024473125 0.09919203125 0.783333840625 0.0231434390625 0.769406859375 0.0014035046875 0.7604789703125 0.0026582374999999997
1 0.8516725421875 0 0.9039690671875 0.0905521703125 0.9441642375000001 0.0872928484375 0.9453110718750001 0.08713167187500001 0.9330655140624999 0 0.8516725421875 0