1 0.90237419375 0.17428684218749999 0.83496086875 0.1813959140625 0.8826083203125 0.28688670156249996 0.9162296234375 0.2835988484375 0.9514652328125001 0.279272459375 0.950912615625 0.27477175468750004 0.90237419375 0.17428684218749999
1 0.8803002046874999 0.2894595515625 0.8274317312499999 0.1831233015625 0.7605157703125001 0.192648846875 0.8128050015625 0.2990743046875 0.8803002046874999 0.2894595515625
0 0.5178563703125 0.22607332812499997 0.5131703828124999 0.22664869531249998 0.5605149921875 0.3346083 0.6356826375 0.3229356109375 0.6353336109375001 0.32009301875 0.590116665625 0.21914509531249998 0.5178563703125 0.22607332812499997
1 0.6697599953125 0.20777368906250002 0.5941373125 0.21695590625 0.640028378125 0.3202698046875 0.6930707578125 0.317296246875 0.7180480593749999 0.3142294203125 0.717748646875 0.3117909125 0.6697599953125 0.20777368906250002
1 0.67398503125 0.20593969531249998 0.7239085140625 0.316658315625 0.8037258359375 0.30685798124999997 0.8035519453125 0.30544175625 0.7522848703125 0.1958994984375 0.67398503125 0.20593969531249998
1 0.4827558609375 0.347499484375 0.5600947234375 0.33555574843749997 0.55978628125 0.33304368906250004 0.5136205828125 0.22817417187500003 0.4383167390625 0.2374203203125 0.4827558609375 0.347499484375
1 0.3550715984375 0.25008857500000004 0.3990455703125 0.36126917187499996 0.4084725296875 0.3601116859375 0.479971428125 0.34970147812499996 0.479781259375 0.34815268125 0.436388125 0.23765469687500002 0.3550715984375 0.25008857500000004
0 0.1529827046875 0.4103727015625 0.11143543125 0.27761273750000004 0.030675328125 0.2867502046875 0.0702762046875 0.42052778281250003 0.1529827046875 0.4103727015625
0 0.112292615625 0.27841045000000003 0.11244273906249999 0.27963310625000004 0.155567740625 0.41414974375 0.2308253140625 0.4055375328125 0.2395410796875 0.40446737187500004 0.2390046125 0.40009819843749994 0.1989346390625 0.2692686734375 0.115429490625 0.2780252890625 0.112292615625 0.27841045000000003
0 0.2749401984375 0.25943096718750003 0.3242239078125 0.3956438625 0.402571103125 0.3860240359375 0.40196102343750006 0.38105533281250004 0.3518726203125 0.24764897812500003 0.2749401984375 0.25943096718750003
0 0.2411422515625 0.4052544125 0.3216340859375 0.3935425390625 0.3210765765625 0.389001978125 0.272910471875 0.2610004171875 0.1989580828125 0.26852338124999997 0.2411422515625 0.4052544125
1 0.809066696875 0.3097163484375 0.8723635218749999 0.452705275 0.9557604671875 0.4424654171875 0.95554879375 0.44074147343750003 0.886645215625 0.298589471875 0.809066696875 0.3097163484375
1 0.9759223765625 0.290023609375 0.8900166484375 0.29710719375 0.960184840625 0.4490209140625 0.983220134375 0.4485391984375 0.9956743265625001 0.447010015625 0.9807300515625 0.32529866093750004 0.9759223765625 0.290023609375
1 0.4862546046875 0.356096303125 0.5393783015625 0.4967391859375 0.5549116890625 0.49483192656249997 0.6223994546875 0.483996040625 0.6219823375 0.48059889531250005 0.5624008500000001 0.34593436718750004 0.5430656703125 0.3483084296875 0.4862546046875 0.356096303125
1 0.806618596875 0.317951728125 0.72449114375 0.3282408125 0.7245277875 0.328539259375 0.7913210171875 0.4658045109375 0.8034714578125 0.464312625 0.8686490671874999 0.4509820390625 0.8684211796874999 0.4491260421875 0.806618596875 0.317951728125
1 0.641971934375 0.3378082171875 0.5654958203125 0.34625866875 0.6222905843750001 0.48208992500000003 0.7033732015624999 0.4781773796875 0.7050934859375 0.47796615468750003 0.7043197546875 0.47166462343750004 0.641971934375 0.3378082171875
1 0.6458704390625 0.33974486718749997 0.7089269421875 0.477495465625 0.7888395671875 0.46768342812499997 0.78850063125 0.4649230140625 0.7213619734375001 0.32900969999999996 0.6458704390625 0.33974486718749997
1 0.48222977499999997 0.356471465625 0.40421528437500004 0.36795041875 0.410501146875 0.3885244765625 0.45742286875 0.513098984375 0.47501935156249997 0.5109384078125 0.53621415625 0.5000551468750001 0.5352040421875001 0.49182843125 0.48222977499999997 0.356471465625
1 0 0.482776078125 0.019193975 0.5684809609375 0.0850179890625 0.5603987890625 0.10564464843750002 0.5576159109375001 0.1050233984375 0.5525562374999999 0.07023128437500001 0.4193448671875 0 0.4259274265625 0 0.482776078125
0 0.07435396718750001 0.42441467031249996 0.1101279765625 0.5557414359374999 0.129553278125 0.553356309375 0.19523828906250001 0.54367330625 0.194743115625 0.5396404375 0.1584632859375 0.4173627515625 0.07435396718750001 0.42441467031249996
1 0.3252506546875 0.3980727171875 0.24301276249999998 0.4070997390625 0.243146034375 0.4081851515625 0.2845166171875 0.5327549687500001 0.3704900015625 0.5221987640625 0.3703655765625 0.521185403125 0.3252506546875 0.3980727171875
0 0.241769221875 0.40640348125000003 0.15950246875000001 0.41597136093750003 0.1989467484375 0.5456355671875001 0.23036468281250003 0.5425524578124999 0.2840230546875 0.5359640390625 0.283968546875 0.5355201093749999 0.241769221875 0.40640348125000003
1 0.3710291375 0.5217166734375 0.45278528125 0.5129213140625 0.45205335 0.5069602125 0.405728971875 0.38952410937500004 0.32699531875 0.39938380156250003 0.3710291375 0.5217166734375
1 1 0.67650525625 0.947111946875 0.5643005 0.8748740671874999 0.5698249828125 0.9439369875000001 0.744595871875 1 0.7377122 1 0.67650525625
1 0.22847544375 0.6506826 0.138715815625 0.65845975 0.188330565625 0.840170275 0.2212240375 0.83648233125 0.2822208515625 0.8289928640625 0.281717890625 0.8248965765625 0.22847544375 0.6506826
1 0.7970792906249999 0.578178809375 0.8638745078125 0.7575747765624999 0.8824816328124999 0.7552901078125001 0.9410591640625 0.745829471875 0.94041085625 0.7405494234375001 0.8709723078125 0.5708329140624999 0.7970792906249999 0.578178809375
1 0.3261547765625 0.6394423812500001 0.3828316578125 0.8182136453125001 0.4747170890625 0.8069315328125001 0.47429754375 0.8035146093750001 0.4128570734375 0.6243561421875 0.3261547765625 0.6394423812500001
0 0.045891865625 0.673467378125 0.09183381093750001 0.8539436874999999 0.1083305578125 0.8519181421875001 0.1857699125 0.8383716859374999 0.184684015625 0.8295277703125 0.136454859375 0.6600654328125 0.045891865625 0.673467378125
1 0.7736739499999999 0.5830299203125 0.6904193828125 0.5942546203125 0.7593268203125 0.7718782281250001 0.7685221109375 0.7708568125 0.8438201890625001 0.7616113703125 0.8430988062500001 0.755736175 0.7736739499999999 0.5830299203125
1 0.4761781796875 0.8051779 0.5080009999999999 0.8012705484374999 0.5658701234375 0.7928680531250001 0.5654537625 0.7894770703125 0.5047760718750001 0.622366925 0.422864678125 0.62911281875 0.4173006265625 0.6297959984375 0.4761781796875 0.8051779
0 0.2330061890625 0.64995875625 0.2869596734375 0.8315594781250001 0.322082640625 0.8272469203125 0.381818259375 0.8195977531249999 0.381071040625 0.81351214375 0.32522225 0.6450157921875 0.2330061890625 0.64995875625
1 0.5938859671875 0.6100938609375001 0.6659453796875 0.7850258859375 0.6949226390625001 0.7814679250000001 0.7569562984375 0.7721437890625 0.756405853125 0.7676607734374999 0.6880431 0.5950036734374999 0.5938859671875 0.6100938609375001
0 0.5914791015625 0.6106238796875 0.5070820796875 0.621784446875 0.50711081875 0.6220185125000001 0.5610431296875 0.7721205453125 0.5681907015625 0.7909628843750001 0.6624963484374999 0.784916821875 0.66228109375 0.7831637109375 0.5914791015625 0.6106238796875
1 0 0.1847156 0.0026433265625000002 0.194271175 0.0792426203125 0.1848659640625 0.0803241 0.1847221953125 0.08004697968749999 0.1824652328125 0.051300256249999995 0.0898382328125 0 0.096337378125 0 0.1847156
1 0.052697815625 0.089828759375 0.0821414578125 0.18451003125 0.15941895 0.1750215484375 0.158910753125 0.1708826125 0.1289781828125 0.0804864109375 0.052697815625 0.089828759375
1 1 0.735973896875 0.9431598859375001 0.7467032828125 1 0.8796389 1 0.735973896875
0 0.16089658906249998 0.1769951625 0.23907145000000002 0.1698626 0.2389115953125 0.168560690625 0.2035048921875 0.0723170828125 0.1295091203125 0.080151203125 0.16089658906249998 0.1769951625
1 0.2775186953125 0.06565754375 0.2042042515625 0.0719221671875 0.23902534531250003 0.16983037031249998 0.301892940625 0.163824878125 0.313715115625 0.16237329843749998 0.3132851703125 0.158871665625 0.2775186953125 0.06565754375
1 0.2779101828125 0.0653437796875 0.31494143124999996 0.16222272499999998 0.391257784375 0.15285225625 0.39088658593750003 0.1498290921875 0.357806290625 0.0613253609375 0.2779101828125 0.0653437796875
1 0.924644609375 0.9342985359375 0.8481511359375 0.7638919875 0.7614408140625 0.7740224625 0.831798325 0.9456986265625 0.924644609375 0.9342985359375
1 0.6686321203125 0.791039503125 0.7372849968749999 0.960451871875 0.758740459375 0.9578174718750001 0.828931653125 0.9480605609375001 0.828491975 0.944479671875 0.7577183015625 0.7753318218749999 0.7555798171875 0.7755943937499999 0.6686321203125 0.791039503125
1 1 0.882403459375 0.9397958 0.7471966875 0.8532526375 0.761505853125 0.8532836390625 0.7617583406249999 0.9310607 0.944096025 0.9577037140625 0.9412590265624999 1 0.936065696875 1 0.882403459375
1 0.6391112703124999 0.9742088328125 0.701760315625 0.9679622218749999 0.7363324312499999 0.9637173000000001 0.66421005625 0.790306175 0.5761097515625 0.7980559125 0.6391112703124999 0.9742088328125
1 0.3365932203125 1 0.281287975 0.8335745953125 0.1924266171875 0.8439691874999999 0.2359162515625 1 0.3365932203125 1
1 0.4406723140625 1 0.3786277921875 0.8234525171874999 0.361118159375 0.8256024296875 0.2845710140625 0.83531229375 0.2847518015625 0.836784684375 0.3393553734375 1 0.4406723140625 1
1 0.4921179859375 1 0.54175316875 0.993905565625 0.54122335625 0.989590584375 0.4765868859375 0.8137961421875 0.38016126093749997 0.8237681625000001 0.44136071093749996 1 0.4921179859375 1
1 0.6413422578125 0.9844427015624999 0.5723569828125 0.7989579359375 0.47960985625 0.8120795 0.5447843390625 0.9982560875000001 0.641579046875 0.9863711921875 0.6413422578125 0.9844427015624999
1 0.23134983281250002 1 0.18975846093749998 0.8448096843749999 0.093122871875 0.8591589875000001 0.12713144375000002 1 0.23134983281250002 1
1 0.576826021875 0.0281453765625 0.61858998125 0.1312363078125 0.6542617890625 0.1268563609375 0.689708740625 0.121887515625 0.68920774375 0.11780723281250001 0.6456900390625 0.017579792187500002 0.576826021875 0.0281453765625
1 0.3586183953125 0.060766653125 0.3913601140625 0.1512654578125 0.4435845890625 0.1448530984375 0.46391954062499996 0.1420427046875 0.46372746718749996 0.1404783921875 0.4266648703125 0.05364951875 0.3586183953125 0.060766653125
1 0.7092525937499999 0.0138495578125 0.647831384375 0.0188838953125 0.691633421875 0.12376612812500001 0.6959027625 0.1233177265625 0.7644146953125001 0.11490551874999999 0.7642757796875 0.11377414374999999 0.7092525937499999 0.0138495578125
1 0.5739526453125 0.0318690203125 0.5017360171874999 0.0443483734375 0.542133259375 0.137319128125 0.61105685 0.1305870265625 0.61515193125 0.13008421406249998 0.6144119671875 0.12405769062500001 0.5739526453125 0.0318690203125
1 0.49971727968749996 0.045823782812500005 0.428381571875 0.0530805609375 0.4667474859375 0.143954075 0.5031184093750001 0.1406917328125 0.540330128125 0.1361227078125 0.540062421875 0.13394241406250001 0.49971727968749996 0.045823782812500005
1 0.8489968687499999 0 0.782530875 0.004867584375 0.8403901687499999 0.10557690312500001 0.9101949109374999 0.09700595937499999 0.9101004843749999 0.09623691250000001 0.8540173296875 0 0.8489968687499999 0
1 0.7691191078124999 0.0072799703125 0.7149168921875 0.0150128671875 0.7657252734375 0.11946730312500001 0.771711734375 0.1187322578125 0.8375337421875001 0.1078202984375 0.837189496875 0.105016640625 0.79161298125 0.028160923437500002 0.7780675359375 0.0061812421875 0.7691191078124999 0.0072799703125
1 0.8568997921875001 0 0.911053390625 0.0976647625 0.9512993218749999 0.095107440625 0.95244879375 0.094966303125 0.9407883984375 0 0.8568997921875001 0