1 1 0.4312703390625 0.992373828125 0.3401185859375 0.9268904046875001 0.32259670156250003 0.9335686140625 0.4381561546875 0.9661350656250001 0.44713547656249997 1 0.455578953125 1 0.4312703390625
1 0.9304917765624999 0.4397309640625 0.9192423078124999 0.32151115468749997 0.8533572265625 0.30642348125 0.8640339562499999 0.42451899062500004 0.9304917765624999 0.4397309640625
1 0.6148368984375 0.25066657187499997 0.6102559578125 0.2495244140625 0.615766696875 0.3672801796875 0.69012485625 0.3833204609375 0.69081770625 0.3805415921875 0.6847805515625 0.270094284375 0.6148368984375 0.25066657187499997
1 0.763209153125 0.288019778125 0.689318684375 0.26949137031250003 0.69513729375 0.382389090625 0.7457222484375 0.39862172500000004 0.7701396218750001 0.40470965937500003 0.7707339796875 0.4023258171875 0.763209153125 0.288019778125
1 0.7678108078125 0.2878217140625 0.7747403890625 0.4090774265625 0.8527684046875 0.42853199531249997 0.8531135921875 0.42714752031250003 0.844508090625 0.3065085359375 0.7678108078125 0.2878217140625
1 0.5385525062500001 0.35144875781249996 0.6150348078125 0.3680140890625 0.61564709375 0.3655583421875 0.6101295734375001 0.2511099078125 0.53651385625 0.232755446875 0.5385525062500001 0.35144875781249996
1 0.4542579265625 0.2147498921875 0.45546760312499995 0.3343047828125 0.4646832328125 0.336602496875 0.535163890625 0.3525066421875 0.5355413921875 0.35099256562500003 0.534629346875 0.23228310312499997 0.4542579265625 0.2147498921875
0 0.208150996875 0.29196583125000003 0.216940190625 0.153134515625 0.1382695640625 0.1327232453125 0.127298571875 0.2718070578125 0.208150996875 0.29196583125000003
1 0.21745456718749998 0.1541864328125 0.2171565578125 0.15538168125000001 0.20921076562500002 0.2964183984375 0.2825561015625 0.315348109375 0.2910764828125 0.31747247968750003 0.29214141875 0.313201253125 0.301617984375 0.17670157343749998 0.220521121875 0.15495101093750002 0.21745456718749998 0.1541864328125
0 0.37610080468749996 0.194755240625 0.37329677499999997 0.339582634375 0.44988762187500003 0.3586788765625 0.45109868750000004 0.353821559375 0.4521456953125 0.21132592031250003 0.37610080468749996 0.194755240625
0 0.2922892546875 0.318781053125 0.3716320171875 0.336692771875 0.3727387265625 0.332254 0.3736434515625 0.195493059375 0.30190696093749997 0.1760141859375 0.2922892546875 0.318781053125
1 0.85673018125 0.43311450625000003 0.8645802093749999 0.589289721875 0.9461076015625001 0.609616784375 0.94652779375 0.6079314859375 0.9331434828124999 0.45052832499999995 0.85673018125 0.43311450625000003
1 1 0.46881066875000005 0.9368221875 0.4503527140625 0.9478888296875001 0.6173224203125 0.9695667609375 0.6251278109375 0.9817417609374999 0.6281633796875 1 0.5549335828124999 1 0.46881066875000005
1 0.538738040625 0.360728415625 0.5379313828125001 0.5110676890625 0.55311655 0.5148537765625 0.620005040625 0.5289230593750001 0.6208330578125001 0.52560206875 0.613468396875 0.37852980625 0.5945666640625 0.373817075 0.538738040625 0.360728415625
1 0.8514933859375 0.439925575 0.771133525 0.4200994140625 0.7710607828125 0.42039117187499997 0.7842261671874999 0.5724758765625 0.796104225 0.575437409375 0.8617300203125 0.5863498015624999 0.8621823984375 0.5845354125 0.8514933859375 0.439925575
1 0.69066655625 0.3994591171875 0.61624158125 0.3799417046875 0.6205864921875001 0.5271045296875 0.69768576875 0.552509265625 0.6993674875 0.552928565625 0.7009034140625 0.5467682984375 0.69066655625 0.3994591171875
1 0.6936120906250001 0.402664234375 0.7031150078125 0.5538629265624999 0.7812361890624999 0.573340725 0.781909009375 0.5706421921875 0.7679366484375 0.4196958390625 0.6936120906250001 0.402664234375
1 0.5348460921875 0.359636290625 0.4578996015625 0.342394925 0.4563948765625 0.3638551125 0.4555565671875 0.49697067656250005 0.47275858125000003 0.5012596203124999 0.5337890640625 0.5130294765625 0.5357942328124999 0.504987184375 0.5348460921875 0.359636290625
1 0.047694664062499996 0.2482856859375 0.0265875234375 0.391627015625 0.0909359265625 0.407670875 0.11118986718749999 0.41246476875000004 0.11242310468750001 0.40751851875 0.12768055312499998 0.2706866125 0.047694664062499996 0.2482856859375
0 0.1297125546875 0.27689711875 0.11604716562499999 0.412321475 0.13503700000000002 0.4170561734375 0.19982931875 0.4315557140625 0.20081228593749997 0.427613253125 0.21076255000000002 0.3004556703125 0.1297125546875 0.27689711875
1 0.373384903125 0.34221811875 0.2933742203125 0.3211741453125 0.2931096640625 0.322235225 0.28709060000000003 0.45335705937500004 0.3711366734375 0.4743121 0.37138366875 0.4733214546875 0.373384903125 0.34221811875
0 0.2924627921875 0.3200784875 0.2122313390625 0.2995291046875 0.20258825156250002 0.43471663437499997 0.23302430937500002 0.44309748750000005 0.28547979218749997 0.45617610781250006 0.2855879953125 0.4557421296875 0.2924627921875 0.3200784875
1 0.3718127671875 0.4740552375 0.451290678125 0.49514284374999995 0.452743628125 0.489315375 0.45158143125 0.36307815625 0.3745438375 0.344067353125 0.3718127671875 0.4740552375
1 0.8249520546875001 0.6995300890625 0.8267955625000001 0.8874427062500001 0.886576015625 0.9023476468749999 0.9073559078125 0.9071326531249999 0.9080190312499999 0.9044730140624999 0.8943717234375 0.7202602796875001 0.8249520546875001 0.6995300890625
1 0.192510175 0.543368628125 0.10592526093750002 0.5184622484375 0.0871253921875 0.705883975 0.11915573593749999 0.7142289484375001 0.17878515156250002 0.7290962328124999 0.179783575 0.7250917734375 0.192510175 0.543368628125
1 0.74933063125 0.6794499015625 0.7473995734375001 0.8708677296875 0.7655895734375 0.87540300625 0.8236667984375 0.8875630515624999 0.8249537515625001 0.8824013687500001 0.820948240625 0.6990728078124999 0.74933063125 0.6794499015625
1 0.287729821875 0.5678801203125 0.2765763578125 0.7550886515624999 0.3664019453125 0.7774846859375 0.36723478125 0.7741443609374999 0.3740798140625 0.584867228125 0.287729821875 0.5678801203125
0 0 0.686130421875 0.008228890625 0.6881821140625 0.08537937343749999 0.703287190625 0.0875349765625 0.694641534375 0.10323905156249999 0.519151028125 0.0138883859375 0.4992079484375 0 0.617111753125 0 0.686130421875
1 0.7257413796875001 0.6755910796875 0.6439939734375 0.6562344718750001 0.64467 0.8467546125000001 0.6536205859375 0.8490963359375 0.7272306687500001 0.8674493921875 0.72866268125 0.861705903125 0.7257413796875001 0.6755910796875
1 0.3683944375 0.7763711359375 0.39950386718750003 0.7841275890625 0.45654053437500003 0.7970216234375 0.4573670484375 0.7937066578125 0.4606064640625 0.6159509562500001 0.38171807812499997 0.5928943734375001 0.37627875781250003 0.5915381984375 0.3683944375 0.7763711359375
0 0.1969993921875 0.5443165359375 0.18228943125 0.7331906140625 0.216625028125 0.741751440625 0.2751342484375 0.756017659375 0.276617546875 0.7500684734374999 0.2848619015625 0.5727491609375 0.1969993921875 0.5443165359375
1 0.548195990625 0.6364271953125 0.5527792171875 0.8255640937500001 0.5811068781250001 0.832626971875 0.6423617593750001 0.8461530156249999 0.6434544437499999 0.8417704984375 0.6415070859374999 0.6560821906250001 0.548195990625 0.6364271953125
0 0.5457590453125001 0.6360594671875 0.4629680484375 0.616233565625 0.462910996875 0.616462384375 0.4594693890625 0.775922315625 0.45938973125000004 0.796074615625 0.549598353125 0.8242262515625001 0.5500256546875 0.822512440625 0.5457590453125001 0.6360594671875
1 0.148763959375 0 0.14524095625 0.0363408625 0.22012308281249998 0.0550110734375 0.22118425468749997 0.05526442031249999 0.22173436406249997 0.0530580546875 0.22521969843749998 0 0.148763959375 0
1 0.22658497500000002 0 0.2229569375 0.055717631249999997 0.29850205937499996 0.074553146875 0.299510878125 0.0705069953125 0.3028099171875 0 0.22658497500000002 0
1 0.8906428140625 1 0.9142514765625 0.9053108249999999 0.8253148453125 0.88913165625 0.8294778656249999 1 0.8906428140625 1
0 0.3032627140625 0 0.29917427343749997 0.0769252109375 0.37471287656249996 0.09828175624999999 0.3750302015625 0.09700903281249999 0.3763883859375 0 0.3032627140625 0
1 0.3771200265625 0 0.374681384375 0.09823514531250001 0.435525515625 0.1151582671875 0.4470826671875 0.11803978749999999 0.44793615156250005 0.114616653125 0.44795022500000004 0.014776215625 0.3968104765625 0 0.3771200265625 0
1 0.4484281515625 0.014623589062500001 0.44828149218749996 0.1183386890625 0.522887021875 0.1369399359375 0.5236238828124999 0.13398454375 0.5244576671875001 0.0395042765625 0.4484281515625 0.014623589062500001
1 0.73760459375 1 0.7304566546875 0.871130603125 0.6458751578124999 0.8495140156250001 0.649251109375 1 0.73760459375 1
1 0.6464136375 1 0.6419306609375 0.849402378125 0.6398401171875 0.848881146875 0.5531324171875001 0.83214113125 0.556237715625 1 0.6464136375 1
1 0.8278511156249999 1 0.8219973812499999 0.888386709375 0.7360744328125 0.8707311703125 0.7360128921875 0.870977996875 0.74074598125 1 0.8278511156249999 1
1 0.55396733125 1 0.549266865625 0.829871784375 0.46424088750000003 0.8055344609375 0.45993031249999994 0.99256510625 0.48709658281249996 1 0.55396733125 1
1 0.089587978125 0.7108984578124999 0.071287028125 0.9035856640625 0.166404784375 0.927301184375 0.1676121484375 0.9224587109375 0.176272290625 0.733039334375 0.089587978125 0.7108984578124999
1 0.1787145359375 0.73583815 0.1783556578125 0.737277534375 0.17001186562499998 0.9282005312500001 0.26495044375 0.9518713765625 0.2652860875 0.9505251859375001 0.27077426718750003 0.7584730296875 0.25365715624999996 0.7542052546875 0.1787145359375 0.73583815
1 0.27209276718750003 0.75931725625 0.26586730625 0.9520999765625 0.36198001562500004 0.9760635656250001 0.36303174375 0.971845315625 0.36568749375 0.7845634265625 0.27209276718750003 0.75931725625
1 0.4583761375 1 0.46041412031249995 0.8050317015624999 0.36912487031249996 0.7840441390625 0.36325077031249997 0.9812114015625 0.43860772031249995 1 0.4583761375 1
1 0 0.888642696875 0.008404109375 0.8911278593749999 0.06558703125000001 0.9053851625 0.0668989796875 0.9001232218749999 0.0867958328125 0.7107269484375001 0 0.6913990390625 0 0.888642696875
1 0.74082084375 0.08701774375 0.7428663734375001 0.198228284375 0.7777385078125 0.2069228828125 0.8126117624999999 0.21498711875 0.813606284375 0.21099830625 0.808897309375 0.1018325765625 0.74082084375 0.08701774375
1 0.52541605625 0.039273709375 0.5235512109375 0.13549520312500002 0.57460494375 0.148224328125 0.5945964125 0.1528879953125 0.5949776953125 0.15135875000000001 0.5914934640625 0.0570149671875 0.52541605625 0.039273709375
1 0.8695748640625001 0.1211288859375 0.8104290781250001 0.1038174515625 0.8137353734375001 0.2174306984375 0.8178818390625 0.2185420734375 0.8848579031250001 0.2352410828125 0.8851336640625 0.23413506874999998 0.8695748640625001 0.1211288859375
1 0.73680388125 0.0894643375 0.6649116515625 0.0752346921875 0.6693079875 0.176507446875 0.7360662718750001 0.19492249374999998 0.7400695500000001 0.1959206234375 0.741538446875 0.1900292 0.73680388125 0.0894643375
1 0.6624982562499999 0.07588865624999999 0.593300040625 0.057099009374999996 0.5965515515625001 0.1556858578125 0.631675853125 0.165674371875 0.6680533765625001 0.1747443078125 0.6685847984375 0.17261289062500002 0.6624982562499999 0.07588865624999999
1 1 0.156768209375 0.941204884375 0.13900407812499999 0.9591301953125001 0.25375924375 1 0.26394923124999997 1 0.156768209375
1 0.9278193984374999 0.1364498875 0.874446046875 0.12424483125 0.8844466359375 0.23996954375000001 0.890298896875 0.241428675 0.95565953125 0.2548299828125 0.956342890625 0.2520891765625 0.9413361734375 0.1640050203125 0.9365672249999999 0.138630965625 0.9278193984374999 0.1364498875