1 0.93906940625 0.2257517375 0.8712921921874999 0.2245922015625 0.9057283937499999 0.335103440625 0.9394997765624999 0.3359375 0.975 0.3359375 0.975 0.33140299687499997 0.93906940625 0.2257517375
1 0.90312393125 0.33737582499999996 0.8636086593750001 0.2253891421875 0.7960306078125 0.22668868125000002 0.8349600828125 0.33869331406250003 0.90312393125 0.33737582499999996
1 0.5511065359375 0.2302912796875 0.54638535625 0.2302912796875 0.5802201 0.3432160265625 0.65625 0.3407909765625 0.65625 0.3379270359375 0.623672553125 0.2322210046875 0.5511065359375 0.2302912796875
1 0.704108059375 0.2306404390625 0.6279300250000001 0.2305381265625 0.6608882281249999 0.338674653125 0.7138976234375 0.3421875 0.7390625 0.3421875 0.7390625 0.33973067968750004 0.704108059375 0.2306404390625
1 0.708525109375 0.2293350171875 0.7445832640625001 0.3453125 0.825 0.3453125 0.825 0.34388564062500004 0.78746490625 0.22891200937499998 0.708525109375 0.2293350171875
1 0.501469534375 0.34653466875 0.5796875 0.3441051953125 0.5796875 0.3415742703125 0.5466462921875 0.23186025156249998 0.4707769296875 0.23186025156249998 0.501469534375 0.34653466875
1 0.3866084140625 0.23428904843749998 0.4167051046875 0.35 0.4262028578125 0.35 0.4984375 0.3483809109375 0.4984375 0.3468204828125 0.46883412812499997 0.2318578421875 0.3866084140625 0.23428904843749998
0 0.1664921390625 0.36875 0.14143392187499998 0.23191626875 0.060162215625 0.231143446875 0.083164528125 0.36875 0.1664921390625 0.36875
1 0.1421875 0.2328125 0.1421875 0.2340443390625 0.1685976015625 0.372813925 0.2443437796875 0.3734375 0.253125 0.3734375 0.253125 0.369035515625 0.229297809375 0.234297871875 0.1453479328125 0.2328125 0.1421875 0.2328125
0 0.30593575 0.2337962421875 0.3382519296875 0.375 0.4171875 0.375 0.4171875 0.3699939828125 0.3837305921875 0.231477778125 0.30593575 0.2337962421875
0 0.2546183203125 0.3744138078125 0.3359375 0.37259872031249996 0.3359375 0.3680240609375 0.303729884375 0.2351066328125 0.2294119078125 0.2335609921875 0.2546183203125 0.3744138078125
1 0.8299527046874999 0.34880045000000004 0.8753517578125001 0.4984375 0.959375 0.4984375 0.959375 0.49670060937500005 0.9083089890625 0.347210953125 0.8299527046874999 0.34880045000000004
1 0.9979646078125001 0.3495890890625 0.9118359359375001 0.3461505984375 0.9629674796875 0.505483328125 0.985889778125 0.5078125 0.9984375 0.5078125 0.9984375 0.3851871140625 0.9979646078125001 0.3495890890625
1 0.503894509375 0.355493796875 0.5394821750000001 0.5015625 0.555132215625 0.5015625 0.6234375 0.49903207343749995 0.6234375 0.495609415625 0.5807116015625 0.3546875 0.5612312171875 0.3546875 0.503894509375 0.355493796875
1 0.8265192109375 0.3566760953125 0.74375 0.35687966718749997 0.74375 0.35718035625 0.7933169359375001 0.5015625 0.805558625 0.5015625 0.871875 0.49627443125 0.871875 0.494404496875 0.8265192109375 0.3566760953125
1 0.6606799031249999 0.356319196875 0.5837439796874999 0.35538656562500004 0.6235617375 0.49712689687499995 0.704516796875 0.503125 0.70625 0.503125 0.70625 0.49677614531250003 0.6606799031249999 0.356319196875
0 0.66431333125 0.35871651875 0.7101122453125 0.503125 0.790625 0.503125 0.790625 0.5003438546875 0.74055045 0.35726147343750003 0.66431333125 0.35871651875
1 0.49985395937500005 0.35537565937500004 0.42102204531250004 0.3572614765625 0.42475370625000003 0.37844823125 0.4561438671875 0.5078125 0.473872496875 0.5078125 0.5359375 0.50446813125 0.5359375 0.49617963437499996 0.49985395937500005 0.35537565937500004
1 0.0002348609375 0.365185240625 0.0144321 0.509375 0.080750440625 0.509375 0.1015625 0.5091266234375 0.1015625 0.5040289515625 0.083264103125 0.3675704265625 0.0002348609375 0.365185240625
0 0.086738203125 0.37310486875 0.1062408515625 0.5078125 0.1258120328125 0.5078125 0.1921875 0.5062066625 0.1921875 0.5021435078125001 0.1710799953125 0.37635586249999997 0.086738203125 0.37310486875
0 0.33897502031250004 0.3775358796875 0.25625 0.3764733375 0.25625 0.3775669015625 0.2821309703125 0.50625 0.36875 0.50625 0.36875 0.505229028125 0.33897502031250004 0.3775358796875
0 0.25510058125 0.3756307203125 0.172281 0.3751014875 0.1956291765625 0.50860624375 0.2271886640625 0.509375 0.28125 0.509375 0.28125 0.5089277359375 0.25510058125 0.3756307203125
0 0.3693438703125 0.5058372062500001 0.4515625 0.5070709734375 0.4515625 0.5010651046875 0.419895278125 0.37885883124999997 0.3405469 0.3790498125 0.3693438703125 0.5058372062500001
1 0.8635702875 0.614990175 0.9108192109375001 0.796875 0.9724297609375 0.796875 0.99375 0.7964907593749999 0.99375 0.7937497 0.9359429828125 0.618310453125 0.8635702875 0.614990175
1 0.2121357578125 0.616468915625 0.12209738750000002 0.6132491484375 0.1491973734375 0.7996517484375001 0.1822951109375 0.8 0.24375 0.8 0.24375 0.7958729499999999 0.2121357578125 0.616468915625
1 0.78533730625 0.613800934375 0.8297717734375001 0.8 0.848518634375 0.8 0.9078125 0.7977486875 0.9078125 0.7924289859375 0.8595747765624999 0.6155150875000001 0.78533730625 0.613800934375
1 0.310456840625 0.6172165953125 0.34492452500000004 0.8015625 0.4375 0.8015625 0.4375 0.798119915625 0.398351421875 0.612809159375 0.310456840625 0.6172165953125
0 0.028136364062500002 0.61683251875 0.051741334375 0.8015625 0.06836196875 0.8015625 0.146875 0.7975545 0.146875 0.78864416875 0.1196576 0.614567321875 0.028136364062500002 0.61683251875
0 0.7615152234375 0.6157634921875 0.6775132765625 0.6167583453125001 0.724260215625 0.8014556781250001 0.7335114453125 0.8015625 0.809375 0.8015625 0.809375 0.7956431828125 0.7615152234375 0.6157634921875
1 0.4391639140625 0.8 0.47122571718749995 0.8 0.5296875 0.7987126078125 0.5296875 0.795296159375 0.48982769531250003 0.6220368765625001 0.40770473906250004 0.61875 0.4020989015625 0.61875 0.4391639140625 0.8
0 0.2167209453125 0.6163026265625 0.24814070781250003 0.803125 0.2835274421875 0.803125 0.34375 0.8028127890625001 0.34375 0.796681478125 0.3088520375 0.6226348171875 0.2167209453125 0.6163026265625
1 0.5797690890625 0.6207150593749999 0.62997253125 0.803125 0.6591674046875 0.803125 0.721875 0.801430365625 0.721875 0.7969136828125001 0.6750634203125 0.6172122203125 0.5797690890625 0.6207150593749999
0 0.5773155703125 0.6209478046875 0.4921875 0.621739771875 0.4921875 0.6219755953125 0.527424971875 0.7775314859375 0.5322229625 0.7971044468749999 0.6265625 0.80259641875 0.6265625 0.8008301421875 0.5773155703125 0.6209478046875
1 0.0291124046875 0.038503067187500004 0.04360951875 0.1359375 0.120784059375 0.1359375 0.121875 0.1359266015625 0.121875 0.13365269062500001 0.104630940625 0.0382127734375 0.0291124046875 0.038503067187500004
1 0.1060192375 0.038373690625 0.12370466718749999 0.1359375 0.2015625 0.1359375 0.2015625 0.13176748124999998 0.18286956875 0.038397215624999995 0.1060192375 0.038373690625
1 1 0.793054859375 0.9097910718750001 0.7988719984375 0.963058103125 0.9828125 1 0.9828125 1 0.793054859375
0 0.2027886015625 0.13807648125 0.28125 0.140524203125 0.28125 0.1392125171875 0.25783635781249997 0.0393713015625 0.1834374 0.038129212499999995 0.2027886015625 0.13807648125
1 0.3321100671875 0.041781415625 0.25857863281250004 0.0390645609375 0.2812081671875 0.14048659531250002 0.3443390421875 0.1421875 0.35625 0.1421875 0.35625 0.1386595703125 0.3321100671875 0.041781415625
1 0.332536875 0.041517701562499995 0.357485525 0.1421875 0.434375 0.1421875 0.434375 0.1391416328125 0.412327171875 0.047266121875 0.332536875 0.041517701562499995
1 0.8685516953124999 0.9828125 0.8133957265625 0.8043539265625 0.7260971359374999 0.8038415609375 0.7750081515625 0.9828125 0.8685516953124999 0.9828125
1 0.63190636875 0.809421225 0.67940134375 0.9859375 0.7010179328125 0.9859375 0.771875 0.9848074703125 0.771875 0.9811996890625 0.7222428 0.8046875 0.7200882562500001 0.8046875 0.63190636875 0.809421225
1 0.965625 0.9926675843749999 0.90639193125 0.798951746875 0.81875 0.8026072953125001 0.81875 0.802861678125 0.8737259484375001 0.993318884375 0.9005161125000001 0.99375 0.965625 0.99375 0.965625 0.9926675843749999
1 0.5802828375 0.9876275515625 0.6432261765625 0.9890625 0.678057921875 0.9890625 0.6276066359375 0.8081544484375 0.5392185625 0.8051096937500001 0.5802828375 0.9876275515625
1 0.15279992343749998 0.8039215265624999 0.18165784375 0.9953125 0.2796875 0.9953125 0.2796875 0.9903217812499999 0.2422657046875 0.8044338906249999 0.15279992343749998 0.8039215265624999
1 0.2453125 0.8065587375 0.2453125 0.8080421859375001 0.2834050078125 0.9953125 0.38125 0.9953125 0.38125 0.9939250968750001 0.3401135359375 0.80625 0.322472409375 0.80625 0.2453125 0.8065587375
1 0.3415971078125 0.806750175 0.38219493125000004 0.9953125 0.48125 0.9953125 0.48125 0.9909651140625 0.43851927343749997 0.8086038125 0.3415971078125 0.806750175
1 0.58125 1 0.58125 0.9980570265625 0.5353838375 0.8055476468749999 0.44172891718749996 0.8072683734374999 0.48372838125 1 0.58125 1
1 0.150049225 0.8044305921875001 0.052385203125 0.806896021875 0.0742473890625 0.9965636218749999 0.1176290015625 0.9984375 0.1765625 0.9984375 0.1765625 0.993014471875 0.150049225 0.8044305921875001
1 0.6337579859375 0.041025246875 0.66264701875 0.1484375 0.6985867156250001 0.1484375 0.734375 0.1478255890625 0.734375 0.1437146640625 0.703396321875 0.038930828125 0.6337579859375 0.041025246875
1 0.41320131250000003 0.0468105484375 0.43466994843749995 0.140625 0.4872866203125 0.140625 0.5078125 0.1403137625 0.5078125 0.1387377015625 0.4816079390625 0.04803924375 0.41320131250000003 0.0468105484375
1 0.7669396921875 0.042974725000000005 0.705362775 0.040486175 0.7360563906250001 0.1499247578125 0.7403485546875 0.15 0.809375 0.15 0.809375 0.148860128125 0.7669396921875 0.042974725000000005
1 0.630452228125 0.0443709578125 0.5572530421875 0.0479562984375 0.5860188843749999 0.1451572484375 0.655249165625 0.146875 0.659375 0.146875 0.659375 0.14080321875 0.630452228125 0.0443709578125
1 0.55506954375 0.0491746890625 0.48338118281250003 0.0476837390625 0.510386428125 0.142555525 0.546883828125 0.14375 0.584375 0.14375 0.584375 0.1415533328125 0.55506954375 0.0491746890625
1 0.8407663953125001 0.042990078125 0.8859210359375 0.15 0.95625 0.15 0.95625 0.149225178125 0.912152221875 0.0464957484375 0.8407663953125001 0.042990078125
1 0.8271606015625 0.04375 0.772419996875 0.04481966875 0.8101198671875001 0.1546875 0.8161512859375 0.1546875 0.8828125 0.1518785625 0.8828125 0.14905385 0.8469420609375 0.0672166234375 0.83617623125 0.04375 0.8271606015625 0.04375
1 0.9570217921875 0.150758515625 0.9972793953125001 0.153125 0.9984375 0.153125 0.9984375 0.0462342546875 0.9146673812499999 0.045968165625 0.9570217921875 0.150758515625