1 0.890761853125 0.1604426015625 0.8236376968749999 0.1699000328125 0.8749376984375001 0.2736636859375 0.9084237749999999 0.26920446875000004 0.9434869328125 0.2636510109375 0.9427775796875 0.259172334375 0.890761853125 0.1604426015625
1 0.87272078125 0.276315521875 0.81617343125 0.17188913125 0.7496306703125 0.1837442078125 0.8056022437499999 0.288279965625 0.87272078125 0.276315521875
0 0.508285590625 0.22561701875 0.5036225359375 0.2263555734375 0.554706040625 0.33259710937500003 0.629420525 0.31830821875000004 0.62897250625 0.3154795375 0.580260075 0.21617115937500003 0.508285590625 0.22561701875
1 0.65945803125 0.20202716718749997 0.5842018703125 0.213842984375 0.6336705828125 0.315492371875 0.686576875 0.3106694734375 0.7114319296875 0.30673281874999997 0.7110475984375 0.304306246875 0.65945803125 0.20202716718749997
1 0.6636164875 0.2000468390625 0.7173735812500001 0.3089557078125 0.7968002546874999 0.296375759375 0.7965770437499999 0.294966465625 0.7415182312499999 0.1872801328125 0.6636164875 0.2000468390625
0 0.477444175 0.3481941953125 0.55431909375 0.333558646875 0.5539231703125 0.3310588828125 0.5041257015625 0.22786440937500002 0.42919041562500004 0.2397329921875 0.477444175 0.3481941953125
1 0.3464381015625 0.25529874375 0.39426543281250004 0.364876940625 0.40364625312499997 0.363391165625 0.47473828593749995 0.350492021875 0.47449418125 0.34895080625 0.42727115624999995 0.24003453437500002 0.3464381015625 0.25529874375
0 0.15006615 0.4225380296875 0.1039109296875 0.29130891718749996 0.0235189171875 0.30325930625 0.067764440625 0.43557333906249995 0.15006615 0.4225380296875
0 0.10479543124999999 0.292076228125 0.10498813437500001 0.2932929015625 0.1527814296875 0.426222553125 0.22769259531250002 0.4149891390625 0.23636570468749998 0.413615453125 0.23567708125000003 0.40926766406250004 0.1910656328125 0.27991625781249996 0.1079169546875 0.291581828125 0.10479543124999999 0.292076228125
0 0.2666815609375 0.2674319890625 0.320689009375 0.4018419296875 0.3986527515625 0.3894936859375 0.39786963750000004 0.3845493015625 0.34315593125 0.25297227499999997 0.2666815609375 0.2674319890625
0 0.2379933671875 0.414346134375 0.31802743125 0.3998322703125 0.317311796875 0.3953139328125 0.26470784375 0.26907132031250003 0.191063053125 0.2791706015625 0.2379933671875 0.414346134375
0 0.8022376187500001 0.2990459921875 0.8704861265625 0.4397387859375 0.9534749031249999 0.4265946546875 0.95320319375 0.4248791484375 0.8793805546875 0.28521844218750003 0.8022376187500001 0.2990459921875
1 0.9683043874999999 0.2735420703125 0.8826982031249999 0.28361940625000004 0.9581253625 0.43299174999999995 0.9811298125000001 0.4317064078125 0.9935230515625 0.42974351093749996 0.974340215625 0.308627846875 0.9683043874999999 0.2735420703125
1 0.48124081093750004 0.356663671875 0.5392405124999999 0.495366890625 0.554697875 0.492918684375 0.6217663625000001 0.4797341109375 0.6212309406250001 0.47635359218750006 0.5569860249999999 0.3438504625 0.5377454765625 0.346897865625 0.48124081093750004 0.356663671875
1 0.8000784187500001 0.3073617921875 0.7183600796875 0.320510815625 0.71840711875 0.3208078015625 0.789950146875 0.45565838437500006 0.8020411203125001 0.4537433625 0.86671379375 0.4381462328125 0.8664212718750001 0.43629932031249996 0.8000784187500001 0.3073617921875
1 0.6362250375 0.332952271875 0.5600904265625 0.3440665515625 0.621591034375 0.4778329546875 0.7024877140625 0.47109305 0.704199578125 0.4708219171875 0.7032063984375 0.46455122812500005 0.6362250375 0.332952271875
1 0.6401887562499999 0.33475168437499997 0.708014271875 0.4702177296875 0.78753578125 0.45762275937499997 0.7871007140625 0.45487585468749997 0.7152596499999999 0.321388440625 0.6401887562499999 0.33475168437499997
1 0.4772315265625 0.3571790703125 0.3996651703125 0.3713736984375 0.4066652265625 0.39171584843749996 0.45790595312500004 0.5145769265625 0.47541631406249996 0.5118035578125 0.5361940187500001 0.4987912578125 0.5348974125 0.49060480625 0.4772315265625 0.3571790703125
1 0 0.5013727765625 0.0218768203125 0.5852191328125 0.08737867187500001 0.574844659375 0.1078956453125 0.5713436171875 0.10709819375 0.56630870625 0.06767826406250001 0.4343927109375 0 0.44312795312500003 0 0.5013727765625
0 0.0719753703125 0.43931554687499996 0.112310825 0.5693138171875 0.1316410515625 0.566252209375 0.19694811875 0.55428273125 0.1963125015625 0.5502696015625 0.1557873421875 0.4293325515625 0.0719753703125 0.43931554687499996
1 0.3217998953125 0.40423347343750005 0.23992713906250002 0.41612505625 0.2400982109375 0.41720515625 0.285791015625 0.5402552765624999 0.3713436203125 0.526705075 0.37118390625000003 0.5256966734375 0.3217998953125 0.40423347343750005
0 0.2386600578125 0.41547262187499995 0.1567773328125 0.4279057421875 0.2007228 0.5561143734375 0.232013996875 0.5519366734375 0.2854097484375 0.5434796171875 0.28533978125 0.543037859375 0.2386600578125 0.41547262187499995
1 0.3718656046875 0.5262044625 0.453264990625 0.5145612125000001 0.452325465625 0.5086292859375 0.401930846875 0.39288141875 0.3235892546875 0.40548287031249997 0.3718656046875 0.5262044625
1 1 0.647572759375 0.9490836343750001 0.5486573484374999 0.8770825609375 0.5566995312499999 0.9522028265625 0.7289536921875001 1 0.7213833640625 1 0.647572759375
1 0.233899596875 0.660066878125 0.144466065625 0.67097185625 0.20039219687499998 0.8508401593749999 0.233136925 0.8460064968750001 0.2938352015625 0.836392834375 0.2931895890625 0.8323165953125 0.233899596875 0.660066878125
1 0.79962671875 0.5677632671875 0.8726420750000001 0.7447188312499999 0.8911581312499999 0.7417861765625 0.9493698078125 0.7302869765625 0.9485376234375 0.7250327703125 0.8732183546875 0.5578430171875 0.79962671875 0.5677632671875
1 0.331127146875 0.645424546875 0.3940085296875 0.8221089140625001 0.48544424687500004 0.8076269187499999 0.4849057078125 0.8042267187500001 0.41725012499999997 0.6273216328125 0.331127146875 0.645424546875
0 0.0522224203125 0.6892098515625 0.10443491093749999 0.8679728703125 0.1208509171875 0.8653728296875001 0.197770334375 0.8491320312499999 0.1963764515625 0.8403314 0.1422625234375 0.6726554671875 0.0522224203125 0.6892098515625
1 0.7764049375 0.5734282578125 0.6935928234375 0.5875516625 0.7686572578125 0.76266223125 0.7778113 0.7613205265625 0.8527408484375 0.749452853125 0.8518148640625001 0.7436064124999999 0.7764049375 0.5734282578125
1 0.486843246875 0.8058233625 0.518510315625 0.8008077921875 0.5760509453125 0.7903908125 0.57551649375 0.787016425 0.5090437062500001 0.6221256984375 0.42741763906249997 0.63172615 0.42188081874999994 0.6326030968749999 0.486843246875 0.8058233625
0 0.2384023203125 0.65918535625 0.2986607109375 0.8387925015625 0.3336117765625 0.833256796875 0.393044053125 0.8235275468750001 0.3920849046875 0.8174717218750001 0.3303896984375 0.6510271078125001 0.2384023203125 0.65918535625
0 0.5976709953125 0.6067502218749999 0.6757915515625 0.7790608453125001 0.7046269875 0.7744937609375 0.7662974484375 0.7630103609375001 0.765590884375 0.7585492859375 0.6912441296875 0.588383190625 0.5976709953125 0.6067502218749999
1 0.5952840921875 0.6073639171874999 0.51132798125 0.621463096875 0.511364871875 0.6216960171875 0.5705028140625 0.7698244015625 0.5783036203125 0.788405815625 0.6723408140625 0.7790722171875 0.6720645078125 0.7773276874999999 0.5952840921875 0.6073639171874999
1 0 0.210591634375 0.0685009140625 0.19974215625 0.06957671875 0.19956073125 0.0692210015625 0.197314815625 0.037259151562499995 0.1057474875 0 0.11179566406250001 0 0.210591634375
1 0.0386555296875 0.105689246875 0.07138556406249999 0.199285271875 0.1482848390625 0.18710562343749998 0.147632503125 0.18298694531249998 0.1145633859375 0.09369044062500001 0.0386555296875 0.105689246875
1 1 0.72016616875 0.9514997453125 0.731086940625 1 0.83438724375 1 0.72016616875
0 0.1498304546875 0.1890264671875 0.227708771875 0.1791699859375 0.22750357812500002 0.1778744484375 0.188759590625 0.0829251453125 0.11508230156249999 0.093336909375 0.1498304546875 0.1890264671875
1 0.26249589218749997 0.07368661875 0.18944474218750001 0.0825060640625 0.2276615703125 0.1791393859375 0.2902812796875 0.1709435046875 0.30204559375 0.1690802203125 0.30149370468750003 0.165595725 0.26249589218749997 0.07368661875
1 0.262876190625 0.073359384375 0.3032659078125 0.168886940625 0.37920874531250004 0.156858778125 0.3787322671875 0.153850409375 0.3425833875 0.06655507968749999 0.262876190625 0.073359384375
1 0.9395427281250001 0.9192140890625 0.8571487484375 0.75158093125 0.770844796875 0.7647313828125 0.847150859375 0.9338475234375 0.9395427281250001 0.9192140890625
1 0.6786865265625 0.784977034375 0.7532099890625 0.9518902499999999 0.774560440625 0.9485086703125001 0.8443683656250001 0.936308065625 0.8438039828124999 0.9327447015624999 0.7671702484375 0.7661698578125 0.76504223125 0.766506903125 0.6786865265625 0.784977034375
1 1 0.8379851640625 0.948154928125 0.73169745 0.8621638687500001 0.7490182109375 0.8622036625 0.7492694625 0.9462968375 0.9287816921875001 0.9728246109375001 0.92501659375 1 0.9207124359375 1 0.8379851640625
1 0.655576178125 0.96906504375 0.7179690546875 0.9606358187499999 0.7523719640625 0.9551869328124999 0.6742415625 0.7843984796875 0.5864653890625 0.7952181515625 0.655576178125 0.96906504375
1 0.352136828125 1 0.29306279375 0.84100433125 0.20461833437500002 0.85449380625 0.250704253125 1 0.352136828125 1
1 0.45746745625 1 0.3899900578125 0.8274913078124999 0.3725661234375 0.8302509875 0.29640447812500004 0.84262639375 0.296636540625 0.844091578125 0.3549209578125 1 0.45746745625 1
1 0.5093862328125 1 0.5589647890625 0.9921475281250001 0.5582847078125 0.9878536656250001 0.48755247500000004 0.8144220921875001 0.39153360937500004 0.8277532437499999 0.4581722765625 1 0.5093862328125 1
1 0.6581629625 0.9792148171875 0.5827463859375 0.796250596875 0.4905136953125 0.8126009953125 0.56214594375 0.9963896125 0.6584669109375 0.9811338703124999 0.6581629625 0.9792148171875
1 0.24618940781249998 1 0.20198113593749997 0.855426909375 0.10590519843749999 0.8731400031250001 0.14126602500000002 1 0.24618940781249998 1
1 0.5603117328125 0.025751628125 0.6056480718749999 0.12732221875 0.6411452921875 0.1217000109375 0.6763972390624999 0.11549711250000001 0.6757541484375 0.1114368 0.628765065625 0.012789159375000001 0.5603117328125 0.025751628125
1 0.34337549843750004 0.06596836874999999 0.379255634375 0.155269375 0.4312245078125 0.1470383140625 0.451448990625 0.14351995312500002 0.45120244062500003 0.14196329531250002 0.4111321375 0.0564807828125 0.34337549843750004 0.06596836874999999
1 0.6921587171875 0.006842896875 0.63095061875 0.014017737499999999 0.6783863109375 0.11730740937499999 0.682637403125 0.1167102828125 0.7508140171875 0.10591216875000001 0.750635703125 0.10478632968749998 0.6921587171875 0.006842896875
1 0.5575700593749999 0.0295732828125 0.485832946875 0.0445653578125 0.5294502125 0.1360696328125 0.5980968703125 0.12693623437499998 0.602171909375 0.12629081250000002 0.6012220734375 0.120293784375 0.5575700593749999 0.0295732828125
1 0.48386692968749995 0.046110321875 0.4128279359375 0.05585225781249999 0.45434191874999996 0.1453314640625 0.49057683281250003 0.1408017828125 0.527606425 0.13493687031249998 0.527262790625 0.1327672484375 0.48386692968749995 0.046110321875
1 0.7679962859375 0 0.8264176453125 0.0939377296875 0.8958807421874999 0.08293585625 0.895759534375 0.0821705734375 0.8439498859375 0 0.7679962859375 0
1 0.7416069546874999 0 0.6978601624999999 0.007807817187500001 0.7522830015624999 0.110425434375 0.7582401625 0.10948191249999999 0.8236412515625 0.096279446875 0.8231993703124999 0.09348951093749999 0.7749683921875 0.018271209375 0.7628086421875 0 0.7416069546874999 0
1 0.846535928125 0 0.8967616906250001 0.08356429843749999 0.93689385625 0.07960397031250001 0.9380377015624999 0.079422803125 0.9254583656250001 0 0.846535928125 0