1 0.8531278062500001 0.12145699531250001 0.787359934375 0.1378790046875 0.8492251640624999 0.23571191875 0.8820616859375001 0.22777688125 0.9163522671875001 0.21858874843749998 0.9151786515625 0.2142087546875 0.8531278062500001 0.12145699531250001
1 0.8472975828125 0.2385809578125 0.780144475 0.140637434375 0.715205434375 0.1593831796875 0.7817973515625 0.2574956578125 0.8472975828125 0.2385809578125
1 0.47955936875000005 0.2262540359375 0.474999059375 0.22747596718750002 0.5369079875 0.327795821875 0.6097195828124999 0.3057754171875 0.608978340625 0.30300906250000004 0.550152209375 0.20933654062499998 0.47955936875000005 0.2262540359375
1 0.6274378609375 0.18699159062499998 0.5538290499999999 0.206609090625 0.613652021875 0.30253074375 0.6657643578125 0.2922040515625 0.6900717625 0.285690903125 0.689435890625 0.28331779687499997 0.6274378609375 0.18699159062499998
1 0.6313665359375 0.1845874328125 0.6962132203125 0.2872805421875 0.773889821875 0.266467159375 0.7735205234375 0.26508891874999996 0.7075070421875 0.16374771562499998 0.6313665359375 0.1845874328125
1 0.4616997109375 0.3513835296875 0.5366236703125 0.3287925390625 0.53596861875 0.32634785312500003 0.475657184375 0.22892394375 0.4023730078125 0.2485603796875 0.4616997109375 0.3513835296875
1 0.321701084375 0.27269083125 0.380720453125 0.37666943124999996 0.389894578125 0.37421123125 0.45924883281250006 0.3539516109375 0.45884496406249997 0.352444353125 0.4004957828125 0.2490608859375 0.321701084375 0.27269083125
0 0.14388614375 0.459540421875 0.0842665890625 0.33385472968749996 0.005564128125 0.3541429078125 0.063397853125 0.48110719375000005 0.14388614375 0.459540421875
1 0.0852264515625 0.3345253828125 0.085545275 0.3357152484375 0.1469716859375 0.4629209375 0.22029826875 0.4439187109375 0.2287802765625 0.4416459640625 0.227640959375 0.43739397343749997 0.1697529921875 0.313414334375 0.0882791953125 0.33370740312499997 0.0852264515625 0.3345253828125
0 0.2436497265625 0.2930944390625 0.31141098125 0.42112275312499997 0.3876568875 0.40069272343750006 0.386361234375 0.3958572828125 0.31819371093750004 0.2707201875 0.2436497265625 0.2930944390625
0 0.2304754 0.44220250625 0.30855391718749997 0.41940231250000004 0.3073699078125 0.41498353125 0.241858178125 0.2949311 0.169672484375 0.3126730328125 0.2304754 0.44220250625
1 0.779576515625 0.26855440625 0.8621575515625001 0.4013425578125 0.9433177718750001 0.3795957421875 0.94286823125 0.377918034375 0.8548514828125 0.24673897031249997 0.779576515625 0.26855440625
1 0.9420676671875 0.22583149218749998 0.8579838109375 0.24480190624999998 0.948611434375 0.3854716875 0.9713555093749999 0.3817887671875 0.983475678125 0.378541178125 0.9517378921875 0.26009414999999997 0.9420676671875 0.22583149218749998
1 0.46636084999999994 0.359409753125 0.5385412578125 0.4912905203125 0.5536580359375 0.4872399921875 0.6189809515625 0.467117078125 0.6180951015625 0.4638110453125 0.540351778125 0.338749203125 0.521535171875 0.3437910984375 0.46636084999999994 0.359409753125
1 0.7782983828125001 0.2770503484375 0.6984021515625 0.29866923125 0.6984799765624999 0.298959675 0.7837268078124999 0.42559325000000003 0.795551371875 0.42242486718750005 0.85823941875 0.40015304374999994 0.85775544375 0.3983468265625 0.7782983828125001 0.2770503484375
1 0.618017540625 0.31962798281250004 0.5434617625 0.3386396125 0.618607859375 0.4652446640625 0.698356865625 0.4500856765625 0.7000310109375001 0.449637090625 0.69838780625 0.4435045671875 0.618017540625 0.31962798281250004
0 0.622147634375 0.3210032171875 0.703761653125 0.44863746718749997 0.781531003125 0.42779923281250004 0.7808111890625 0.425112853125 0.6954104437499999 0.29986613281249996 0.622147634375 0.3210032171875
1 0.46242740156249995 0.3603414125 0.38676970625 0.382566171875 0.3958577484375 0.40206518124999996 0.45966025312500003 0.5188970984375 0.47678479375 0.514308590625 0.535869396875 0.4950145734375 0.5337241765625 0.48700850000000007 0.46242740156249995 0.3603414125
1 0 0.5459700765625 0.033403853125 0.634729775 0.0974624515625 0.6175653249999999 0.117501071875 0.6119388546875 0.1161816984375 0.60701488125 0.0631887390625 0.47994204218750003 0 0.49494272031250003 0 0.5459700765625
0 0.06797688125 0.4843887390625 0.12167989374999999 0.6094586625 0.140584203125 0.6043932671875 0.204282359375 0.5856629125 0.20323073749999998 0.5817382062500001 0.150286215625 0.4656996953125 0.06797688125 0.4843887390625
0 0.31276576718750004 0.423385075 0.2325845265625 0.44376954843750005 0.23286756249999999 0.44482584999999997 0.291172296875 0.562425690625 0.3748398546875 0.5400070359375 0.3745756078125 0.539020853125 0.31276576718750004 0.423385075
0 0.2312561890625 0.443253134375 0.151121640625 0.46417722031249997 0.2082278203125 0.587089959375 0.2389109140625 0.5796643234375 0.2911301546875 0.5656722203125 0.29101439375 0.5652401968749999 0.2312561890625 0.443253134375
0 0.37530665 0.539454603125 0.4550430703125 0.5193665828125 0.4534886375 0.513565359375 0.3912711390625 0.40371924375 0.31467592031249997 0.4244405890625 0.37530665 0.539454603125
1 1 0.5751403921875 0.9517095843750001 0.501448775 0.880943578125 0.516973065625 0.9736577890625 0.68043139375 1 0.67337301875 1 0.5751403921875
1 0.2520888671875 0.6870050812499999 0.16428514375 0.7071986703124999 0.2387062625 0.8802357640625 0.27076635625 0.8720058234374999 0.33012722031249997 0.856100128125 0.32905906093750004 0.8521137046874999 0.2520888671875 0.6870050812499999
1 0.8050685218750001 0.5360725328125 0.8961807859375 0.7044265328125 0.9142888640625 0.6995744875 0.9709796562499999 0.6820535046875 0.9696028171875 0.67691506875 0.8772200671875 0.51851420625 0.8050685218750001 0.5360725328125
1 0.3472532546875 0.662279915625 0.4282587125 0.83142349375 0.5176797546875 0.8074631968749999 0.5167887484375 0.804137915625 0.43101217187499996 0.6352738687499999 0.3472532546875 0.662279915625
0 0.0744532078125 0.7349788421875 0.145065496875 0.9073048874999999 0.161119796875 0.90300315 0.2359202140625 0.8788110515625001 0.23361405 0.8702043328125001 0.1622696578125 0.7091033921875 0.0744532078125 0.7349788421875
0 0.7825661046875 0.5441338265625 0.7016839421875 0.566836084375 0.7946412046875 0.7331410093749999 0.8036048546875 0.7308497984375 0.8768834203125 0.7112148656249999 0.8753513890625 0.70549724375 0.7825661046875 0.5441338265625
1 0.5188825671874999 0.8055232859375 0.5498518906250001 0.7972250796875 0.605988434375 0.7808505328125 0.6051041921875 0.777550496875 0.5217597765625 0.62051135625 0.44158438593750005 0.6385914625 0.43616956250000005 0.6400423609375 0.5188825671874999 0.8055232859375
0 0.2564747796875 0.685657725 0.335177128125 0.857982246875 0.3693580890625 0.8488234875 0.42744780625 0.8329351687500001 0.42586090624999995 0.8270127781250001 0.3471054734375 0.6679288703124999 0.2564747796875 0.685657725
1 0.6082943796875 0.595956034375 0.7039983484375 0.7591569 0.7321984296874999 0.7516007109375 0.7923307125 0.7337339 0.7911617078125001 0.7293711187499999 0.699435034375 0.5679085640625 0.6082943796875 0.595956034375
0 0.6059847015625001 0.596815865625 0.5239622765624999 0.6196136140624999 0.5240233109375 0.6198414015625 0.5983209234375 0.760976725 0.60802128125 0.7786409421875 0.700567703125 0.7595289109375 0.7001105578125 0.75782281875 0.6059847015625001 0.596815865625
1 0 0.2570693625 0.0394792203125 0.2464909359375 0.0405301671875 0.246198053125 0.0399416359375 0.24400162343749998 0 0.159281403125 0 0.2570693625
1 0 0.1561446921875 0.0423003109375 0.245735028125 0.11750520312499999 0.2255839375 0.116425921875 0.22155600937500003 0.074203934375 0.13620534374999999 0 0.15606388437500002 0 0.1561446921875
0 0.119243134375 0.22733269687500002 0.19566454375 0.20938970937499998 0.19532505312499998 0.20812271875000002 0.1468684046875 0.11774340624999999 0.074683053125 0.1357995078125 0.119243134375 0.22733269687500002
1 0.21923508125 0.10084794687500001 0.147505996875 0.11725500312499999 0.1956144015625 0.20936421093750002 0.257034371875 0.1946676859375 0.2685394734375 0.191584903125 0.267626378125 0.188177184375 0.21923508125 0.10084794687500001
1 0.2195790921875 0.10048275312499999 0.2697328984375 0.19126512499999998 0.344002428125 0.171364665625 0.3432141 0.1684225828125 0.29813840156250004 0.0853840515625 0.2195790921875 0.10048275312499999
1 0.9809546703124999 0.870972865625 0.8814896187500001 0.7128705359375 0.7970330453125001 0.734970165625 0.890598546875 0.8951837156250001 0.9809546703124999 0.870972865625
1 0.7074958734375 0.764738071875 0.7990582703125 0.922947096875 0.8199382921874999 0.9173523124999999 0.888088490625 0.897921628125 0.8871547281250001 0.8944367796874999 0.7935289875 0.73678485625 0.7914478578125 0.7373424921875 0.7074958734375 0.764738071875
1 1 0.7317189734375 0.9699188671875 0.6835832421875 0.8862093890624999 0.7097976312500001 0.8862752281249999 0.7100433453125 0.98867186875 0.8797820578125 1 0.8769412390625 1 0.7317189734375
1 0.7037545640625 0.95023331875 0.7649245515625 0.9353284374999999 0.7985694343749999 0.9263133187499999 0.7030147859375 0.7646273124999999 0.6168504218749999 0.784562821875 0.7037545640625 0.95023331875
1 0.3989032640625 1 0.3298410765625 0.8607671015625 0.24329115781250002 0.8834276437499999 0.2941585109375 1 0.3989032640625 1
1 0.509081353125 1 0.4248248671875 0.837196446875 0.4077848484375 0.84176230625 0.33333400625 0.8620309781250001 0.33371795 0.863463878125 0.401785296875 1 0.509081353125 1
1 0.5477151390625 1 0.6100851984375 0.9832879921875 0.6089600125 0.9790887406250001 0.520486721875 0.814000775 0.4263873421875 0.8372956015625 0.5098281140625 1 0.5477151390625 1
1 0.7073881171874999 0.9600570968750001 0.6132597125 0.7859783515625 0.5232413625000001 0.8118801234375 0.6136923453125 0.98717431875 0.7078909953125 0.9619338656249999 0.7073881171874999 0.9600570968750001
1 0.28974380625 1 0.24076594375 0.8846312968750001 0.1470678421875 0.912290028125 0.1817508140625 1 0.28974380625 1
1 0.5104088859375 0.02204531875 0.5661138859375 0.11832055625 0.6008289671875 0.10901867812499999 0.6352394203125 0.099164928125 0.634175434375 0.095194078125 0.577132278125 0.0019985375 0.5104088859375 0.02204531875
1 0.2988648453125 0.0847177578125 0.343882921875 0.1697790671875 0.3947067234375 0.1561608703125 0.41445264687499994 0.15054775 0.4140447328125 0.1490253921875 0.36525858125 0.06819964843750001 0.2988648453125 0.0847177578125
1 0.5927259640625 0 0.579434278125 0.00299193125 0.637406825 0.10075739218749999 0.6415722109375 0.099719178125 0.7082466375 0.08185381875 0.7079516156250001 0.0807527875 0.6474544843750001 0 0.5927259640625 0
1 0.508081703125 0.0261326203125 0.4383046734375 0.0485411359375 0.4912478 0.13498489687499998 0.558563703125 0.11872600156249999 0.5625489531250001 0.1176581578125 0.5609774609375 0.1117932671875 0.508081703125 0.0261326203125
1 0.43651091875 0.0502831421875 0.3668793921875 0.0673973078125 0.41751908125000003 0.15204694531250001 0.453082015625 0.143754496875 0.48929570624999996 0.13405106718749998 0.48872716718750003 0.13192925 0.43651091875 0.0502831421875
1 0.733923875 0 0.7821844296875 0.062042246875 0.8501169921875 0.043839771875 0.8499164531250001 0.043091351562500005 0.815967940625 0 0.733923875 0
1 0.6521775265625 0 0.7101793375 0.0861888109375 0.716005240625 0.0846277640625 0.779668021875 0.064661346875 0.7789369328125 0.061932884375 0.7293751562499999 0 0.6521775265625 0
1 0.8176122484375 0 0.8510588046875001 0.0443726875 0.8905571546875001 0.0362391 0.8916757984375 0.0359393609375 0.882045875 0 0.8176122484375 0