1 0.9692191046874999 0.28130504218749997 0.9020884046875001 0.27189418593750003 0.922799990625 0.3857784078125 0.9562180015624999 0.390721946875 0.9914536109375 0.39504833437500003 0.9920062281250001 0.39054763124999997 0.9692191046874999 0.28130504218749997
1 0.9199380078124999 0.38771645 0.8943650203125 0.2717487984375 0.8271323109375001 0.2648029578125 0.8521216812500001 0.38071703437500004 0.9199380078124999 0.38771645
0 0.5835948203125 0.2385299671875 0.5789088312499999 0.2379546 0.5987293109375 0.3541610421875 0.6744880359375001 0.36101978125 0.6748370625 0.3581771875 0.6553847671875 0.24928888124999998 0.5835948203125 0.2385299671875
1 0.7354133421875 0.2575227203125 0.6598155953125 0.24813740312500002 0.67934960625 0.359484490625 0.7315357687499999 0.3694313734375 0.7565130703125 0.3724982 0.75681248125 0.3700596921875 0.7354133421875 0.2575227203125
1 0.7399565578125 0.25676533125 0.7616118421875 0.37627271875 0.8414291640625 0.386073053125 0.841603053125 0.38465682968750003 0.8183595015625 0.2659658171875 0.7399565578125 0.25676533125
0 0.5201613 0.3478576671875 0.59809231875 0.354978675 0.5984007609375 0.352466615625 0.5789766125 0.239543678125 0.50367276875 0.230297528125 0.5201613 0.3478576671875
1 0.4198356375 0.22245065937500003 0.43560637343749997 0.34096698281250004 0.44503333125 0.34212446875 0.516926865625 0.34932063593749996 0.517117034375 0.34777183906250003 0.5017447421875 0.23005836875000002 0.4198356375 0.22245065937500003
0 0.1849734078125 0.32908393281250004 0.17677780781250002 0.19021631249999998 0.096206071875 0.1795447203125 0.1022669078125 0.3189288515625 0.1849734078125 0.32908393281250004
0 0.1774165453125 0.1911977 0.177266421875 0.1924203578125 0.1865679078125 0.3333741578125 0.261673490625 0.343224221875 0.2703892578125 0.3442943828125 0.270925725 0.3399252109375 0.26369652656250003 0.20328807656249998 0.1805534203125 0.19158286093750002 0.1774165453125 0.1911977
0 0.339824353125 0.2121300015625 0.35469124375 0.3562196 0.43303843906250006 0.3658394265625 0.4336485203125 0.36087072343750004 0.41732187343750005 0.219309625 0.339824353125 0.2121300015625
0 0.271752465625 0.3454454046875 0.3526867078125 0.35355416093750003 0.35324421875 0.34901360000000003 0.3374752328125 0.2131617984375 0.263899578125 0.20257059531250002 0.271752465625 0.3454454046875
0 0.8459198765625 0.39013858749999997 0.8727443640624999 0.5441930187499999 0.956141309375 0.5544328765625 0.9563529828125 0.5527089328125 0.9238858171875 0.3981101671875 0.8459198765625 0.39013858749999997
1 1 0.4093393625 0.9275156984375 0.39748754375 0.9588483406250001 0.5618639984375 0.981315925 0.566969334375 0.99377011875 0.5684985171875 1 0.5177602046875001 1 0.4093393625
1 0.52147635625 0.3570455453125 0.538997459375 0.5063625203125001 0.554530846875 0.5082697796875 0.6226353765625 0.5140825359375001 0.62305249375 0.5106853890624999 0.597819128125 0.3656069078125 0.5784839484375001 0.3632328453125 0.52147635625 0.3570455453125
1 0.8415521765625 0.3975370921875 0.7593751046875 0.3876521171875 0.7593384609375 0.3879505640625 0.790940175 0.5372971953125 0.8030906171875 0.5387890828125 0.8695571328125 0.5416223625 0.8697850203125 0.5397663671874999 0.8415521765625 0.3975370921875
1 0.6769925046874999 0.3769721265625 0.600743709375 0.366670315625 0.6229908703125 0.5122067 0.70261151875 0.5280260343750001 0.7043318015625 0.528237259375 0.7051055328125 0.521935728125 0.6769925046874999 0.3769721265625
1 0.6803066890625 0.3797943828125 0.7081652593750001 0.5287079484375 0.788077884375 0.5385199843749999 0.7884168203125 0.5357595703125 0.7561528734375 0.38764115 0.6803066890625 0.3797943828125
1 0.517480321875 0.35643586875 0.439006184375 0.3487004359375 0.44012801562500004 0.37018404375 0.455518659375 0.5024095484375 0.47311514375 0.504570125 0.5351250984375 0.50881450625 0.5361352125 0.500587790625 0.517480321875 0.35643586875
1 0.0203898203125 0.3052840796875 0.016908924999999998 0.4501292796875 0.0827329375 0.45821145156250004 0.10342013750000001 0.460501278125 0.1040413875 0.455441603125 0.10250949375 0.31777020624999996 0.0203898203125 0.3052840796875
0 0.1052832203125 0.32368678125 0.10822376874999999 0.4597670984375 0.12764906874999998 0.46215222499999997 0.1937254859375 0.4686474921875 0.194220659375 0.46461462343750004 0.1886001453125 0.337192221875 0.1052832203125 0.32368678125
1 0.3550998984375 0.3588247 0.27312098906250004 0.347688434375 0.27298771718750003 0.348773846875 0.28299325 0.4796518578125 0.368966634375 0.4902080625 0.369091059375 0.4891947 0.3550998984375 0.3588247
0 0.2720828265625 0.34671201875 0.18994506718749998 0.3360935625 0.1968490734375 0.47144862187500003 0.22807963281250002 0.47605778125000003 0.2817380046875 0.48264620156250004 0.2817925125 0.48220227031249996 0.2720828265625 0.34671201875
1 0.36960638437500004 0.4898707203125 0.4510618109375 0.501115221875 0.45179374218749996 0.49515411875000004 0.4352557609375 0.3699994890625 0.35647555937500003 0.3605189125 0.36960638437500004 0.4898707203125
1 0.8468465125 0.658441128125 0.8715770656249999 0.84472840625 0.9327283796874999 0.8522368437500001 0.953936528125 0.85445375 0.9542705796875 0.8517331218749999 0.9182751124999999 0.6705566703125 0.8468465125 0.658441128125
1 0.20008746406250003 0.5805189484375 0.11111261718750001 0.5663502625 0.115293840625 0.7546661046875001 0.14810243125 0.7590453593750001 0.20909924531250002 0.7665348265625 0.20960220624999998 0.7624385390625 0.20008746406250003 0.5805189484375
1 0.7693416 0.64772655 0.7907529015625 0.837952915625 0.8093600265625 0.8402375828125 0.868486290625 0.84522915625 0.8691345984375 0.83994910625 0.8428168125 0.658475196875 0.7693416 0.64772655
1 0.2975845578125 0.5932433796875001 0.3093292109375 0.780415753125 0.4012146421875 0.791697865625 0.4016341875 0.788280940625 0.3853611171875 0.5995804515625001 0.2975845578125 0.5932433796875001
0 0.0174152609375 0.5584559546875 0.0183313625 0.744685709375 0.034828109375 0.7467112546875 0.11324436874999999 0.7523014625 0.114330265625 0.743457546875 0.10853037031249999 0.5673612765625 0.0174152609375 0.5584559546875
1 0.7454579078125 0.646771296875 0.66196085625 0.6375214734375 0.6858504078125 0.8265391187500001 0.6950196625 0.8277725859375 0.7703177421875 0.8370180265625 0.7710391249999999 0.83114283125 0.7454579078125 0.646771296875
1 0.4030565734375 0.7903497921875 0.43487939375 0.7942571421875 0.49306230468749995 0.8001040453125 0.4934786640625 0.7967130625000001 0.4750309640625 0.619887540625 0.393920709375 0.6066168921874999 0.38835665625 0.6059337124999999 0.4030565734375 0.7903497921875
0 0.2046587390625 0.5809126921875001 0.213076384375 0.7701716249999999 0.2481993515625 0.774484184375 0.30801106875 0.7815135828125 0.3087582875 0.775427975 0.2953314 0.5984256390625 0.2046587390625 0.5809126921875001
0 0.5644630375 0.6295366734375001 0.592062090625 0.8167052187499999 0.62103935 0.8202631796875 0.68348605625 0.826223309375 0.6840365015625001 0.8217402937499999 0.6594739484375001 0.6376734015625 0.5644630375 0.6295366734375001
1 0.5619994421875 0.6294686765625 0.4774093875 0.6198802375 0.47738064687500004 0.620114303125 0.4933979703125 0.778805071875 0.495774853125 0.7988168671875 0.5887418953125 0.8157650000000001 0.5889571499999999 0.8140118890625001 0.5619994421875 0.6294686765625
1 0.08925904999999999 0 0.0913794421875 0.0830311578125 0.16797873593749998 0.09243636875 0.169062871875 0.0925585046875 0.1693399921875 0.0903015421875 0.1642254328125 0 0.08925904999999999 0
1 0.16556869999999999 0 0.1708775734375 0.0927923015625 0.248155065625 0.10228078437499999 0.24866326249999998 0.0981418484375 0.2414886390625 0.0031894546875 0.21557818750000002 0 0.16556869999999999 0
1 0.94236263125 1 0.9605586718750001 0.8518051453125001 0.8703132171875 0.8465852203124999 0.8950247203125 1 0.94236263125 1
0 0.2491113515625 0.104553246875 0.32668960937499997 0.11654476250000001 0.3268494625 0.115242853125 0.3157779265625 0.013292434375 0.2420849 0.0029926515625 0.2491113515625 0.104553246875
1 0.389204290625 0.024736271875 0.31655205 0.013078440625000002 0.3266526703125 0.11650233593749999 0.3891056890625 0.12588428125 0.40092786562500005 0.1273358625 0.40135781093749995 0.12383422968749999 0.389204290625 0.024736271875
1 0.38966005625 0.0245265375 0.40215418124999996 0.127486434375 0.47847053281249996 0.1368569046875 0.47884173125 0.133833740625 0.46815505156250004 0.0399561015625 0.38966005625 0.0245265375
1 0.802634040625 1 0.773968309375 0.8402786499999999 0.6873828703125 0.8291310812500001 0.7122646890625 1 0.802634040625 1
1 0.7095596328125 1 0.6834541703125 0.8295009890625 0.6813156859375 0.8292384171875 0.593214196875 0.8231901890625 0.6182514703125 1 0.7095596328125 1
1 0.8940460781249999 1 0.8669296937500001 0.8462501234375001 0.7794955328125 0.8391975593750001 0.77946453125 0.8394500468749999 0.8051831015625 1 0.8940460781249999 1
1 0.6160548578125 1 0.5891008953125 0.8214088484375001 0.5017427156250001 0.8076149921875 0.520257571875 0.9937768671875 0.5628844921875 1 0.6160548578125 1
1 0.1183491828125 0.759343096875 0.12366730937499999 0.952824365625 0.22096626718749998 0.9647711765625001 0.2215744828125 0.9598176578125001 0.20708565937499998 0.7707547765625 0.1183491828125 0.759343096875
1 0.209850790625 0.7732350968749999 0.209670003125 0.7747074875 0.22465606562499998 0.9652242265625001 0.32177173593749997 0.9771485312499999 0.3219408171875 0.9757714703125 0.30398281875 0.784482 0.2864731859375 0.7823320875 0.209850790625 0.7732350968749999
1 0.3053943765625 0.78515925 0.3227096234375 0.9772636890624999 0.42102635 0.9893354656250001 0.4215561640625 0.9850204843749999 0.401368196875 0.7988109109375 0.3053943765625 0.78515925
1 0.5194700906249999 1 0.49788319999999997 0.8075823453125001 0.40471666562499997 0.7978765828125 0.4229149953125 0.9942900640625 0.46941869374999995 1 0.5194700906249999 1
1 0.1155569484375 0.7595131421875 0.0183204390625 0.75005794375 0.0169050015625 0.9409761203125001 0.0597348859375 0.9481229203125 0.11822910312499998 0.95530510625 0.1188900046875 0.9499225015625001 0.1155569484375 0.7595131421875
1 0.6886959265625 0.060747373437499995 0.7042793640625 0.1708796796875 0.739951171875 0.1752596265625 0.77554726875 0.17901377031250001 0.7760482640624999 0.1749334890625 0.758070434375 0.06715534375 0.6886959265625 0.060747373437499995
1 0.46907819687499996 0.039610454687500005 0.4789537046875 0.13534199687499998 0.5311781796874999 0.14175435625 0.5515889921875 0.1439469140625 0.551781065625 0.1423826 0.536825190625 0.0491666625 0.46907819687499996 0.039610454687500005
1 0.820647334375 0.0789130875 0.7598326796875 0.0689387484375 0.7769603015625 0.181302203125 0.781211303125 0.18189996718749998 0.8497232359375 0.190312175 0.8498621515625 0.18918079999999998 0.820647334375 0.0789130875
1 0.68500706875 0.063665275 0.61191655625 0.058303154687500004 0.6286221656250001 0.1582852578125 0.6971270734375 0.1684272546875 0.7012221546874999 0.1689300671875 0.70196211875 0.16290354375 0.68500706875 0.063665275
1 0.6096008484375 0.0592463609375 0.5386285421875 0.0490299109375 0.5538705328125 0.1464856484375 0.5899503171875 0.152119134375 0.6271620343750001 0.156688159375 0.6274297421874999 0.15450786562500002 0.6096008484375 0.0592463609375
1 0.8939218734375001 0.0879255375 0.925698709375 0.199640790625 0.9955034515625 0.20821173437499998 0.9955978796875 0.2074426890625 0.9643483671874999 0.10010482031250001 0.8939218734375001 0.0879255375
1 0.880324884375 0.087021665625 0.825861946875 0.081412159375 0.8498912890625 0.1950555109375 0.85587775 0.19579055625 0.9223844046874999 0.201126515625 0.92272865 0.1983228578125 0.8970990328124999 0.1127241265625 0.8892733125 0.0881203953125 0.880324884375 0.087021665625
1 1 0.1040574828125 0.966909075 0.0998876921875 0.9961770515625 0.2090586546875 1 0.20975782656250003 1 0.1040574828125