1 0.9188692640625 0.19579185937500002 0.8511762656249999 0.199363046875 0.8932374578125 0.3072029390625 0.9269847562500001 0.30567919374999997 0.962398503125 0.3032028234375 0.9620821921875 0.298679365625 0.9188692640625 0.19579185937500002
1 0.890797853125 0.309651465625 0.8435670421875001 0.20069402187500002 0.7762442578125001 0.206704403125 0.8228919515625 0.3157206140625 0.890797853125 0.309651465625
1 0.5321681140625001 0.22738326406249998 0.527458434375 0.2277125984375 0.569087990625 0.3380020734375 0.6447635234375 0.330279353125 0.64456374375 0.3274223890625 0.6046919749999999 0.22424633906250002 0.5321681140625001 0.22738326406249998
1 0.6848212890625 0.2170587265625 0.608821684375 0.22227057499999997 0.649242825 0.32784463750000004 0.7023681359375 0.3276511796875 0.7274717125 0.325895765625 0.7273003328125001 0.32344493124999996 0.6848212890625 0.2170587265625
1 0.6891365171875 0.2154483671875 0.7331970171875 0.3286280453125 0.8134178625 0.32301845625 0.8133183296875 0.3215950734375 0.7678545140625 0.209519828125 0.6891365171875 0.2154483671875
1 0.4907607546875 0.34680599375 0.5686187140625 0.338926228125 0.5684421656249999 0.33640146875 0.5278281812500001 0.2292595453125 0.4521436328125 0.23455192500000002 0.4907607546875 0.34680599375
1 0.368349571875 0.24284610468749998 0.4064445359375 0.35617575 0.41591915312500005 0.3555132203125 0.48786489375000003 0.3488592421875 0.48775604375 0.347302615625 0.45020539531250003 0.23468504375000002 0.368349571875 0.24284610468749998
0 0.1581490109375 0.39233405 0.1236067953125 0.2575816125 0.042479153125 0.2624799015625 0.07502438125000001 0.398146690625 0.1581490109375 0.39233405
1 0.1244210546875 0.25842309375 0.124506984375 0.25965193124999997 0.1605328296875 0.39624120625 0.23613799218749998 0.3915794765625 0.24489782187500003 0.3909669296875 0.2445907546875 0.38657566875 0.21142278281250002 0.2538283390625 0.1275737890625 0.2582026328125 0.1244210546875 0.25842309375
0 0.28783904531250004 0.2479819390625 0.32992638125 0.38658746875 0.4086696671875 0.38108120156249997 0.408320465625 0.3760873796875 0.3652826546875 0.24024242812500002 0.28783904531250004 0.2479819390625
0 0.24645560781250003 0.39183669062500004 0.327450084375 0.384353484375 0.327130971875 0.37978996875000004 0.2857299609375 0.24944301093750001 0.2114852015625 0.2530852953125 0.24645560781250003 0.39183669062500004
1 0.818601809375 0.3261524265625 0.8743284250000001 0.472258090625 0.958146990625 0.4663969265625 0.95802583125 0.464664265625 0.8966563437499999 0.31910094375 0.818601809375 0.3261524265625
1 0.98625945625 0.31521922812500003 0.9001007328125 0.31779714531250003 0.9622222125000001 0.47317499218750003 0.985251146875 0.4738995109375 0.9977683031250001 0.4730242265625 0.9892143890625 0.35069754999999997 0.98625945625 0.31521922812500003
1 0.4938047796875 0.3555741390625 0.5394949921875 0.49880455625 0.5551069109375 0.49771286562499994 0.62306929375 0.49042386718750003 0.622830540625 0.487009546875 0.5703785046875 0.3494113171875 0.5509455734375 0.35077020000000003 0.4938047796875 0.3555741390625
1 0.8157260562499999 0.33424839687499996 0.7331726671875 0.3402251609375 0.7331936421874999 0.3405251171875 0.792711425 0.4810979390625 0.8049232937499999 0.48024400156249997 0.8707092484375 0.47034281718750004 0.870578809375 0.4684774390625 0.8157260562499999 0.33424839687499996
1 0.650265828125 0.3454607328125 0.5734522609375 0.3498971515625 0.6230603296874999 0.4885146640625 0.7042365937499999 0.48885101718749996 0.705965575 0.488730115625 0.7055227000000001 0.48239672499999997 0.650265828125 0.3454607328125
1 0.654057634375 0.347598759375 0.7098184109375001 0.4884606984375 0.790135040625 0.4828444125 0.7899410375 0.4800700421875 0.7300075453125 0.34082922656250003 0.654057634375 0.347598759375
1 0.48976583125 0.35573814375 0.4112574953125 0.3631184046875 0.4164579796875 0.383993240625 0.45679567031249996 0.51085271875 0.4744811140625 0.50961603125 0.5361616390624999 0.5019503734375 0.5355834625 0.4936820671875 0.48976583125 0.35573814375
1 0 0.44727397968749993 0.016268885937499998 0.5432236671874999 0.082425678125 0.538597534375 0.1031697140625 0.5368979859375 0.10281411874999999 0.5318127328125 0.07504143125 0.39696304531250004 0 0.4000485359375 0 0.44727397968749993
0 0.07889313125 0.4022416640625 0.1077450015625 0.53526071875 0.12726850781250001 0.5338955015625 0.1933702703125 0.5276634578125 0.1930868390625 0.5236102015624999 0.1632562484375 0.399601353125 0.07889313125 0.4022416640625
0 0.330824603125 0.38906673125 0.248226978125 0.3937773828125 0.2483032609375 0.39486828281249997 0.283097665625 0.52143255 0.369505696875 0.5153903125 0.3694344765625 0.514371828125 0.330824603125 0.38906673125
0 0.24702158125 0.393016996875 0.16436682656249998 0.39826625625 0.19697095 0.5298171140625 0.2285071859375 0.5283825203125 0.28243683124999996 0.5246113921875 0.28240563125 0.5241652171875 0.24702158125 0.393016996875
1 0.370069325 0.5149370984375 0.4521737375 0.510432578125 0.4517547890625 0.5044413390625 0.411640028125 0.38474174843750003 0.3324982609375 0.3904673265625 0.370069325 0.5149370984375
1 1 0.726701628125 0.9431339671875 0.5876124093749999 0.8707059578124999 0.5893486828125 0.9305274296875 0.7674945281250001 0.9919878984375 0.7631967937499999 1 0.762491246875 1 0.726701628125
1 0.2209614421875 0.6362655968750001 0.1309178 0.6393344328125 0.1709545609375 0.823392565625 0.20399596562500003 0.8214311875 0.26530115468750004 0.8171443109375 0.265013265625 0.8130273140625001 0.2209614421875 0.6362655968750001
1 0.792580590625 0.593619596875 0.8498954078125 0.7762654984374999 0.8685966031250001 0.774957784375 0.9275889875000001 0.768575825 0.9272179046875 0.76326908125 0.8667567953124999 0.5901510296875 0.792580590625 0.593619596875
1 0.319095175 0.6301529234375 0.3663382171875 0.8116454265625 0.45868818281249996 0.8051876890624999 0.458448040625 0.8017534906250001 0.4064682015625 0.6196250078125 0.319095175 0.6301529234375
0 0.037435625 0.6494634640625 0.07386920625 0.8320968531249999 0.09044935468750001 0.83093745625 0.168491546875 0.8214624265625 0.16786999375 0.8125738015625 0.1285759078125 0.6408195859375 0.037435625 0.6494634640625
1 0.7689534390625 0.59723911875 0.6852255140625 0.6040912281249999 0.7447424140625001 0.7850777453125 0.7539785593749999 0.7845389734375 0.8296573140625 0.779247 0.8292444046874999 0.7733421015624999 0.7689534390625 0.59723911875
1 0.46023905000000004 0.8035129265625001 0.4922227515625 0.8012764078125001 0.5504523203125 0.7959140640625 0.5502140015625 0.7925059375 0.49836533593750004 0.622449184375 0.416213146875 0.6248989234375 0.410620965625 0.625289965625 0.46023905000000004 0.8035129265625001
0 0.22552385937500002 0.6357798671875 0.26989915625 0.81995541875 0.3051996890625 0.8174869656249999 0.36525376875000004 0.8129746015625001 0.36482607031250003 0.8068582265625001 0.3178722375 0.6356698921875 0.22552385937500002 0.6357798671875
1 0.5879954328125 0.61485659375 0.65080085625 0.7933201765625 0.6799246125 0.7912836453125001 0.74236124375 0.785218878125 0.742046175 0.7807131984375 0.6828132859375 0.6047148906250001 0.5879954328125 0.61485659375
0 0.5855641265625 0.6152599203125 0.50069866875 0.6219881921875 0.50071511875 0.622223440625 0.546717784375 0.7749423640625 0.552869428125 0.7941329546875 0.647362259375 0.7930307546875001 0.64723905 0.79126878125 0.5855641265625 0.6152599203125
1 0 0.08122044218749999 0.019325546875 0.16866052812500001 0.09631209375000001 0.1632771046875 0.0973996171875 0.1631901328125 0.097240996875 0.1609217609375 0.073381390625 0.066917215625 0 0.0723320765625 0 0.08122044218749999
1 0.07477753125 0.0669808984375 0.0992255875 0.1630733734375 0.1768937625 0.15764228593750002 0.1766028765625 0.153482425 0.1514423 0.061643557812500006 0.07477753125 0.0669808984375
1 1 0.7600584640625 0.9296410984374999 0.76955838125 0.9956094140625 0.9493350921875001 1 0.949028071875 1 0.7600584640625
0 0.17826608593749999 0.159690528125 0.25670709999999997 0.156659096875 0.25661560156249996 0.15535060625 0.22629442187499998 0.0573858515625 0.151990053125 0.061336596875 0.17826608593749999 0.159690528125
1 0.3005553265625 0.0546090234375 0.2270134921875 0.0570280796875 0.2566627453125 0.15662449843749998 0.3197584859375 0.1539174734375 0.3316404296875 0.15308660624999998 0.3313943328125 0.1495672703125 0.3005553265625 0.0546090234375
1 0.3009626984375 0.054316178125 0.3328729453125 0.1530004203125 0.40957512031250004 0.14763688125000002 0.4093626515625 0.144598434375 0.38095962031249997 0.05448470625 0.3009626984375 0.054316178125
1 0.9013332187499999 0.9559275265625 0.8338629671875 0.7817511546875 0.7467412906249999 0.7873296796875 0.8080175437499999 0.96245279375 0.9013332187499999 0.9559275265625
1 0.653169184375 0.7994661671875 0.7128616171875 0.972239375 0.73442555 0.970731478125 0.8050311859375 0.9646614625 0.8047795203125 0.96106246875 0.7429553531249999 0.788442421875 0.7408060578125 0.788592715625 0.653169184375 0.7994661671875
1 0.9988575140625 0.9589871125 0.9262558000000001 0.769875046875 0.839082359375 0.7796352828125 0.8391001031249999 0.7798890468749999 0.90722775625 0.9660473796875 0.933982734375 0.9646086578125 0.9989330203125 0.9600668921875 0.9988575140625 0.9589871125
1 0.6141024515625 0.9808394671875 0.6769925609375 0.977880215625 0.7117394578125 0.975450475 0.6487915609375 0.7985024109375 0.5604064046875 0.8016307125000001 0.6141024515625 0.9808394671875
1 0.3131904875 1 0.2641297671875 0.821670940625 0.1748461796875 0.8274006421875001 0.2133459484375 1 0.3131904875 1
1 0.415698509375 1 0.36186593125 0.8166571062499999 0.344267778125 0.8178876890625 0.2673173625 0.823578078125 0.2674208421875 0.8250579124999999 0.31592878281250003 1 0.415698509375 1
1 0.45026231875 1 0.515846928125 0.995413878125 0.51554366875 0.9910770812499999 0.4601961515625 0.8121407484375001 0.36338077968750004 0.8170525734374999 0.4163602609375 1 0.45026231875 1
1 0.61579478125 0.9911760718749999 0.5566115703125 0.802335096875 0.4633048203125 0.81058466875 0.5186462546875 0.9999170765625 0.615930315625 0.9931143109375 0.61579478125 0.9911760718749999
1 0.208685003125 1 0.1721376921875 0.8281003468750001 0.07488355468749999 0.8373724687499999 0.10524569375 1 0.208685003125 1
1 0.6014156984375 0.0328128015625 0.6377270578124999 0.13794820624999998 0.6735792078125 0.1354411796875 0.7092376296875 0.13233429531250002 0.708950865625 0.128233384375 0.6707382984375 0.025865759375000002 0.6014156984375 0.0328128015625
1 0.38179985156249996 0.053969265625 0.40976035624999996 0.1460576140625 0.46224885625 0.14238725937500002 0.482703025 0.1406449671875 0.48259308437500004 0.1390727453125 0.450125553125 0.05042316249999999 0.38179985156249996 0.053969265625
1 0.7344089687500001 0.02546724375 0.6728084578125 0.027280145312499997 0.7110613546875 0.1343110625 0.7153483125 0.1340867140625 0.7842066125 0.12927167343749998 0.7841270984375 0.128134578125 0.7344089687500001 0.02546724375
1 0.598351378125 0.036380959375 0.5255806015625 0.045063684375 0.5610567671875 0.140021253125 0.63023823125 0.1369055609375 0.6343540156249999 0.13661775625 0.6339304703125 0.13056076562500002 0.598351378125 0.036380959375
1 0.5234874125 0.0464314203125 0.451869678125 0.049944828125 0.4854270609375 0.14270172187500002 0.5219188781249999 0.14134735625 0.5593187234375 0.1387321046875 0.559165490625 0.1365407890625 0.5234874125 0.0464314203125
1 0.8080569046875 0.020332668749999998 0.8605661859374999 0.12393209218750001 0.9307238328125 0.119026190625 0.9306697828124999 0.11825325625000001 0.8795133828124999 0.0188501765625 0.8080569046875 0.020332668749999998
1 0.7945372640625 0.0220398328125 0.7400046203125 0.02692540625 0.7852766484375 0.1338957953125 0.791293375 0.133475065625 0.8575962640625001 0.12602291875 0.857399221875 0.1232050875 0.8159074859375 0.0440694078125 0.8035309312500001 0.021410934375 0.7945372640625 0.0220398328125
1 0.9315466562499999 0.11972902187500001 0.9718712703125 0.1192815125 0.9730265546875 0.119200728125 0.9655702328125001 0.012570362500000001 0.8819856125 0.018148429687500002 0.9315466562499999 0.11972902187500001