1 0.961300925 0.2650627546875 0.8938826843750001 0.25800045781250003 0.91855615625 0.37109248125 0.9521263359375001 0.3748667375 0.9874914703125001 0.377960784375 0.987886678125 0.3734435375 0.961300925 0.2650627546875
1 0.9157635531249999 0.373129225 0.88615893125 0.2581247015625 0.8187247734374999 0.25352948125 0.8477442625 0.3685008296875 0.9157635531249999 0.373129225
1 0.5744187234375 0.23577183124999998 0.569715509375 0.235360353125 0.5935794624999999 0.3508042796875 0.6695314015625 0.3550149 0.6697810109375 0.3521618578125 0.64654041875 0.24401875781250001 0.5744187234375 0.23577183124999998
1 0.7268075984375 0.2494546234375 0.6509283625 0.242713346875 0.6743364296875 0.353310878125 0.72683794375 0.3614304296875 0.7519070609375 0.36362369375000003 0.7521211859375 0.361176221875 0.7268075984375 0.2494546234375
1 0.731321615625 0.24853914062500002 0.7571344546875001 0.36721796875 0.8372451812499999 0.37422674843750003 0.8373695390625 0.37280531875 0.8099978906249999 0.2549977984375 0.731321615625 0.24853914062500002
1 0.5148393265625 0.34724672968750003 0.5929713921875 0.3516436453125 0.5931919765625 0.34912235156250004 0.5698387078125 0.23694609687499998 0.4942580515625 0.2303336453125 0.5148393265625 0.34724672968750003
1 0.4101981390625 0.22541743125 0.430095428125 0.3433111671875 0.4395570390625 0.34413895 0.5116579203125 0.3488216859375 0.5117939203125 0.34726719687499996 0.492322853125 0.23016191875 0.4101981390625 0.22541743125
0 0.179200428125 0.3401823203125 0.1661634109375 0.20168531562499997 0.0852683234375 0.19383213906250002 0.09618990468750001 0.332919840625 0.179200428125 0.3401823203125
1 0.166836009375 0.20264381562499997 0.1667286484375 0.2038709671875 0.180943684375 0.344414284375 0.256347278125 0.3516372 0.2650950828125 0.352402534375 0.265478740625 0.3480173015625 0.25348537968749996 0.21171569843750002 0.169984415625 0.2029192640625 0.166836009375 0.20264381562499997
0 0.329875409375 0.21789541406250001 0.3497618984375 0.3613783890625 0.42839709375 0.368258078125 0.428833396875 0.36327110937499996 0.40757628593749995 0.22236603906250002 0.329875409375 0.21789541406250001
0 0.2664976296875 0.353505278125 0.3476655609375 0.35878453125 0.34806426875 0.3542272796875 0.32756372968749997 0.2190085640625 0.2536632671875 0.2109915671875 0.2664976296875 0.353505278125
1 0.84187504375 0.3781330828125 0.8740596125 0.53115750625 0.9577631203125 0.5384806156249999 0.9579145 0.536750334375 0.9200716921875 0.38337883437500003 0.84187504375 0.3781330828125
1 1 0.39238833125 0.923677634375 0.38262990937499997 0.9607278453125 0.5458127375 0.9833599171875 0.55013085625 0.995859890625 0.5512244609375 1 0.5039027921875 1 0.39238833125
1 0.5164742343750001 0.356383115625 0.539195753125 0.504997653125 0.554786240625 0.50636164375 0.6230521437500001 0.50979404375 0.6233504484375 0.5063844093750001 0.5930692890625 0.3622749375 0.5736630328125 0.360577109375 0.5164742343750001 0.356383115625
1 0.8377682078124999 0.3856795109375 0.7552962171875001 0.3786684953125 0.755270009375 0.378968040625 0.7920645953125 0.527120809375 0.8042597015625 0.52818774375 0.8707846078125 0.52869965 0.8709475828125001 0.52683683125 0.8377682078124999 0.3856795109375
1 0.6725910749999999 0.370870121875 0.5960292 0.36323563281250004 0.6233419546875 0.5079069453125 0.7034661875 0.520937921875 0.7051927953125 0.5210889796875 0.705746134375 0.514764284375 0.6725910749999999 0.370870121875
0 0.6760017359375 0.3735749953125 0.70904034375 0.521425596875 0.789246721875 0.5284427468749999 0.789489115625 0.5256721843750001 0.752075565625 0.3787699890625 0.6760017359375 0.3735749953125
1 0.51245935625 0.3559132703125 0.4337630625 0.3509212578125 0.4356339765625 0.3723526265625 0.4556298484375 0.5039604578125 0.473291015625 0.505505609375 0.5354113234375 0.5075832874999999 0.5361337140625 0.49932633125 0.51245935625 0.3559132703125
1 0.0138864984375 0.32214085 0.015462746874999999 0.46701929375000006 0.0815287265625 0.47279931875000003 0.10228323749999998 0.47436577812499997 0.102727528125 0.46928750468749997 0.09639190625 0.331753434375 0.0138864984375 0.32214085
0 0.099370428125 0.33756960468749997 0.1070583203125 0.4734644 0.1265550265625 0.47517014062499996 0.1928178734375 0.47935541718749997 0.193172 0.47530772343749994 0.18310793125 0.3481590984375 0.099370428125 0.33756960468749997
0 0.3502612203125 0.363967640625 0.2679436 0.35569918125 0.26784829062500004 0.356788584375 0.2824153046875 0.4872376796875 0.36870472187500003 0.49478702500000005 0.36879370625 0.4937699390625 0.3502612203125 0.363967640625
0 0.26687199375000004 0.35475959218750003 0.18441369218749998 0.347014171875 0.19603731562499999 0.4820458296875 0.2274097078125 0.48556225 0.281265325 0.49027400625000006 0.28130430624999997 0.48982844375 0.26687199375000004 0.35475959218750003
0 0.3693323109375 0.49442756250000003 0.45113054375 0.502822459375 0.45165398906250004 0.49683944531249996 0.43075824999999995 0.3723382234375 0.3516951703125 0.3656128109375 0.3693323109375 0.49442756250000003
1 0.8521647390625 0.6462398406250001 0.883381559375 0.8315505546875 0.9447576625 0.8369202671875 0.966030259375 0.8383956703125 0.9662691593750001 0.8356650421875 0.923972653125 0.65585518125 0.8521647390625 0.6462398406250001
1 0.2030802328125 0.59093669375 0.11366510781250001 0.57988181875 0.12441591249999999 0.7679370203125 0.1573573515625 0.771168603125 0.21857838593749998 0.77652475 0.21893808125 0.7724134046875 0.2030802328125 0.59093669375
1 0.7743331062500001 0.638236671875 0.8023701687499999 0.8275999125 0.8210456921875 0.829233809375 0.8803101421875 0.8321588656250001 0.8807737843749999 0.82685940625 0.8481386828125 0.646414525 0.7743331062500001 0.638236671875
1 0.300962009375 0.6002507765625 0.3192317296875 0.7868992453125 0.41145492812500006 0.7949677296875 0.41175496875000006 0.7915382453124999 0.388906259375 0.6035206296875 0.300962009375 0.6002507765625
0 0.0197493234375 0.575262309375 0.027164190625 0.7613466468750001 0.043721578125 0.7627952296875 0.1222851640625 0.7656453437499999 0.12306175 0.75676891875 0.1111197171875 0.580982334375 0.0197493234375 0.575262309375
1 0.7504306265625 0.63811553125 0.6666616249999999 0.6317853453125 0.69713324375 0.8198541140625 0.7063399593749999 0.8207668265624999 0.78191483125 0.8273787718750001 0.7824307328125 0.8214819796875 0.7504306265625 0.63811553125
1 0.41324869062499997 0.7935561953125 0.4451884890625 0.796350565625 0.5035400109375 0.8001633515625001 0.5038377734374999 0.7967599046875 0.4792301890625 0.6206859140625001 0.39770620624999997 0.6102540578125 0.3921217 0.609765478125 0.41324869062499997 0.7935561953125
0 0.207662465625 0.5911706640625 0.2226800234375 0.780020534375 0.2579321015625 0.783104690625 0.31795270468750003 0.7880424109375 0.318487084375 0.7819344312500001 0.298891084375 0.6055085124999999 0.207662465625 0.5911706640625
1 0.5689445328125 0.6272080359375 0.6030588625 0.8132993703125001 0.6321426406249999 0.8158438718750001 0.6947593109375 0.8196210125000001 0.695152965625 0.8151215171875 0.6641815328125 0.632023975 0.5689445328125 0.6272080359375
0 0.566480065625 0.6272260578125 0.48160690937500006 0.6205956109375 0.4815863546875 0.6208305375000001 0.5031321484375 0.7788656390625001 0.5062059859375 0.798782290625 0.5997078765625 0.8124755968749999 0.5998618171875 0.8107160406249999 0.566480065625 0.6272260578125
1 0.0711736640625 0 0.077076359375 0.097545815625 0.15395722812499998 0.1042720203125 0.1550449671875 0.10435624531250001 0.1552431515625 0.10209098750000001 0.1463828484375 0.0055113296875 0.0804709 0 0.0711736640625 0
1 0.1477518375 0.0057926328125 0.156866721875 0.10452656874999999 0.2344282828125 0.11131232499999999 0.23479172343750002 0.107158175 0.2243076796875 0.012514015625 0.1477518375 0.0057926328125
1 0.9581655874999999 1 0.972555934375 0.8355175687499999 0.8821832828125 0.8334503453125001 0.9150112015625 1 0.9581655874999999 1
0 0.23546329375 0.11355002968750001 0.313412790625 0.1228267984375 0.3135271109375 0.12152010312499999 0.2989043 0.02001818125 0.2248967078125 0.012296521874999999 0.23546329375 0.11355002968750001
1 0.3726853203125 0.028892503125000003 0.299670484375 0.0197773015625 0.31337439375 0.1227856875 0.37611679374999996 0.1299823375 0.3879824265625 0.131020446875 0.38828990625 0.1275059421875 0.3726853203125 0.028892503125000003
1 0.37313348749999997 0.0286669921875 0.38921325 0.1311281296875 0.4658101375 0.1378294890625 0.4660756015625 0.13479521249999998 0.45211915156250004 0.0413477203125 0.37313348749999997 0.0286669921875
1 0.822243809375 1 0.78567696875 0.8305100046874999 0.69875523125 0.8223910156249999 0.7309846671875 1 0.822243809375 1
1 0.728321878125 1 0.694841834375 0.8228978078125 0.6926954890625 0.8227100281249999 0.6044365890625001 0.81974018125 0.6363664234375 0.99972421875 0.63951861875 1 0.728321878125 1
1 0.9142441734375 1 0.8787901250000001 0.8332335359374999 0.791163096875 0.8292366765624999 0.791140925 0.829490090625 0.8245964718750001 1 0.9142441734375 1
1 0.6342475265624999 1 0.600263625 0.8181034781250001 0.5124772625 0.8073667828125 0.5374777953125001 0.9927690921875 0.6000565515625 0.999684453125 0.6036632671875 1 0.6342475265624999 1
1 0.12763261875 0.7725045328125 0.139699903125 0.9656823390625 0.2373565265625 0.9742261875 0.23779149687499998 0.969254459375 0.21671330000000003 0.780812403125 0.12763261875 0.7725045328125
1 0.21956330781250002 0.7831947109375 0.2194340171875 0.7846725140624999 0.24105988906250003 0.9745501890625 0.33853255 0.9830779421875 0.33865347031250004 0.9816958187499999 0.31403050625 0.7911496031249999 0.296456509375 0.7896120765625 0.21956330781250002 0.7831947109375
1 0.3154648390625 0.7917771765625 0.3394738859375 0.9831602984375 0.43815202031249995 0.991793515625 0.43853092031249996 0.9874626734374999 0.41185663124999994 0.8020710828125001 0.3154648390625 0.7917771765625
1 0.5370533140625 1 0.508618959375 0.80746885 0.415170453125 0.801020465625 0.440212428125 0.996679184375 0.4781695265625 1 0.5370533140625 1
1 0.12484801875 0.772771921875 0.027340762499999997 0.7667159890625 0.032589134375 0.9575672624999999 0.07564234843749999 0.9632149671875 0.1343515875 0.9683513593749999 0.134824234375 0.9629489671875 0.12484801875 0.772771921875
1 0.67325128125 0.054429560937499996 0.6926687890625 0.1639509234375 0.7284717234375 0.1670832734375 0.7641771546875 0.169592846875 0.7645354453125 0.1654975640625 0.7428071640625 0.05841249375 0.67325128125 0.054429560937499996
1 0.45302967031249997 0.0409700671875 0.46624014375 0.136298640625 0.5186565937500001 0.1408844859375 0.5391314921875 0.14236338125 0.5392688546875 0.1407933171875 0.5210689015625001 0.0481561171875 0.45302967031249997 0.0409700671875
1 0.8057562828125 0.067979171875 0.7446305765625 0.060133309375 0.7656691921875 0.1718305703125 0.769938465625 0.17227961249999998 0.8387022453125 0.1782956640625 0.838801590625 0.1771601296875 0.8057562828125 0.067979171875
1 0.66966650625 0.057474424999999996 0.59643338125 0.0546663921875 0.616618140625 0.154004571875 0.6854352671874999 0.161749603125 0.6895454015625 0.16210919375 0.6900745921875 0.1560605171875 0.66966650625 0.057474424999999996
1 0.5941520015624999 0.055689842187500005 0.5228663828125 0.0479565140625 0.54150024375 0.1448209453125 0.5777546546875 0.149191834375 0.6151031609375 0.15245940468750002 0.6152946125 0.150271096875 0.5941520015624999 0.055689842187500005
1 0.8793007156250001 0.0744288875 0.914957 0.184967090625 0.985018340625 0.1910966640625 0.9850858718750001 0.19032479062500002 0.9501093578124999 0.08414290156250001 0.8793007156250001 0.0744288875
1 0.8656804640625 0.07400009375 0.8110549359375 0.070294734375 0.8390357343750001 0.1830302453125 0.8450442015625 0.18355591875 0.911696565625 0.186567578125 0.9119427546875001 0.1837536140625 0.8833413984374999 0.0991014875 0.8746617875 0.0747858578125 0.8656804640625 0.07400009375
1 1 0.08812973125 0.952660928125 0.0838365375 0.9857210875 0.191919559375 1 0.19401896406250002 1 0.08812973125