1 0.0377130046875 0.8073243187499999 0.13374393906249998 0.8010190421875001 0.1345543375 0.7855557359375 0.1232672890625 0.6496315890625 0.0282014421875 0.651877721875 0.0377130046875 0.8073243187499999
1 0.11387239843750001 0.6513369234375 0.136628246875 0.7985792843749999 0.1553923609375 0.7995626703125 0.23558088437500002 0.7984418343749999 0.235846828125 0.7933673125 0.21630068906250002 0.649034453125 0.11387239843750001 0.6513369234375
1 0.2136635875 0.6598903984375 0.23750488125000002 0.8038660046875 0.26133343125 0.80511480625 0.33067583906250003 0.8050886734375 0.33095046250000004 0.7998485484375 0.31008330625 0.6658843703125 0.2136635875 0.6598903984375
1 0.330081465625 0.8110487093750001 0.42519930781250004 0.82264013125 0.42525180156250003 0.8216384984375 0.4037314484375 0.658300525 0.30704702500000003 0.6642137781249999 0.330081465625 0.8110487093750001
1 0.4010902328125 0.6587910015625 0.42223872343749996 0.8213707171875001 0.42689606874999997 0.8216147984375001 0.5180545640625 0.81231261875 0.5182304203125 0.808957075 0.4939472734375 0.6586326312499999 0.4010902328125 0.6587910015625
1 0.49191323750000004 0.665431634375 0.513623425 0.7979963890625 0.52246979375 0.7984600078125 0.60194963125 0.793824528125 0.6022816296875 0.7874896109375 0.5812745390625 0.6753563375 0.49191323750000004 0.665431634375
1 0.5784002046875 0.6716496046875 0.605669359375 0.7824799359375 0.6221663078125 0.7833445046875 0.6949617015625 0.7805047953125 0.69531331875 0.7737955421875 0.6757277953124999 0.6684158234375001 0.5784002046875 0.6716496046875
1 0.6726474703124999 0.66837415625 0.7034724203125 0.7969934421875 0.7171865484375 0.7977121703125001 0.78675561875 0.7904288312500001 0.7871333265625 0.783221734375 0.7694740234374999 0.671401553125 0.6726474703124999 0.66837415625
1 0.7653909546875 0.6699828765625 0.7970710953125 0.7862522984375 0.8603454562499999 0.7895683671875 0.880644428125 0.790235103125 0.8809411 0.7845742796875 0.8588616968749999 0.6662099140625 0.7653909546875 0.6699828765625
1 0.9327834312500001 0.670023440625 0.8605233046875 0.6666307546875 0.8604207515625 0.668587584375 0.893661890625 0.8179133609375 0.8964018093749999 0.818056953125 0.968186303125 0.791727365625 0.968305728125 0.7894485984374999 0.9327834312500001 0.670023440625
1 0.037652059375000005 0.8134251625 0.05396411250000001 0.9726164890625 0.0590350234375 0.9728822453125 0.1531323375 0.9684598281250001 0.153371896875 0.9638887640625 0.135272534375 0.808580809375 0.037652059375000005 0.8134251625
1 0.13404755937499999 0.8156927749999999 0.152321984375 0.9636894093749999 0.2548027515625 0.9690601984375 0.25520075000000003 0.96146595 0.23509784374999998 0.8242983546874999 0.13404755937499999 0.8156927749999999
1 0.23170881250000003 0.8236690812499999 0.25490653281250003 0.962807059375 0.3197532015625 0.9662055296875 0.3534620375 0.96740595625 0.353502790625 0.9666283343750001 0.3335886484375 0.8250659375 0.23170881250000003 0.8236690812499999
1 0.331010728125 0.8262700562499999 0.355731953125 0.9743496734375 0.3709525796875 0.9751473531249999 0.45467280624999995 0.9767769 0.45502013437500005 0.9701494828125 0.4281915484375 0.8287435578125001 0.331010728125 0.8262700562499999
1 0.528959325 0.8218718140625001 0.4273901609375 0.823168328125 0.4546354390625 0.9784982843750001 0.51729199375 0.9828166765624999 0.5543916125 0.984760984375 0.5544786734375 0.9830997484375 0.528959325 0.8218718140625001
1 0.61721740625 0.8168194703125 0.5174046890625 0.8178599921874999 0.5534174703125 0.983578603125 0.6200207953125 0.9882004640625001 0.6495734890625 0.98974925625 0.6498186984375 0.98507040625 0.61721740625 0.8168194703125
1 0.7468026546875 0.9855281546875 0.74693100625 0.9830790640625 0.7127866421875 0.82974065625 0.7114254921875001 0.8379436703125 0.7111645359375001 0.8276898906250001 0.6144193921875 0.824584025 0.614406021875 0.8248391500000001 0.6517862125 0.9945591531250001 0.65696449375 0.994830534375 0.7468026546875 0.9855281546875
1 0.711841165625 0.8389934234374999 0.7447596843750001 0.9869145312500001 0.7556320546874999 0.987484328125 0.840801303125 0.9832385921875 0.8410126484375 0.97920586875 0.8054681890625 0.849886934375 0.711841165625 0.8389934234374999
1 0.8097363062499999 0.829614234375 0.8097141515624999 0.8300369812499999 0.8410865421875 0.993425921875 0.9374414078125 0.990257409375 0.937567303125 0.9878551921875 0.9048915484375 0.8415658875 0.8097363062499999 0.829614234375
1 0.94083205625 1 0.9755689765625 0.979264671875 0.9770049484375001 0.9518646937499999 0.9816078546875 0.8387040671875001 0.89321284375 0.8373812421875 0.9371599875 1 0.94083205625 1
1 0.00844461875 0.3257741203125 0.0081820640625 0.33078395625 0.00768738125 0.481759528125 0.0774669375 0.488808490625 0.098415403125 0.489906353125 0.098748628125 0.4835480328125 0.0909125921875 0.3465954515625 0.00844461875 0.3257741203125
1 0.2511248203125 0.22618736250000002 0.16611626562499998 0.22874198906249998 0.1791999 0.35480681718749996 0.2575324421875 0.3636859140625 0.25992355312500004 0.363811228125 0.26023495625000004 0.3578692953125 0.2511248203125 0.22618736250000002
1 0.3470461734375 0.35554995312500004 0.366007025 0.48202521562499995 0.45220130625 0.4865424671875 0.45223898125 0.48582357500000006 0.42942655468749996 0.356438278125 0.3470461734375 0.35554995312500004
1 0.43311564531249996 0.3660942296875 0.4535012 0.48661059062499995 0.5223325562500001 0.49021788906249997 0.5364752937499999 0.49067933906250005 0.5366546718749999 0.4872566 0.5130653109375001 0.37769204375 0.43311564531249996 0.3660942296875
1 0.5369643390625 0.489167221875 0.583785703125 0.49343851250000004 0.6218601734375 0.4954339109375 0.593824578125 0.380072934375 0.5149860640624999 0.375484784375 0.5369643390625 0.489167221875
1 0.674628703125 0.3823208796875 0.5888894171875 0.37770310625 0.622680765625 0.49696916093750004 0.6263334640625 0.497232990625 0.7048976328125 0.5013503640625 0.7050386453125 0.4986596859375 0.674628703125 0.3823208796875
1 0.7630869625 0.387064053125 0.675304809375 0.38564892031250003 0.70555448125 0.5014196609375 0.7844031453125 0.5086463593749999 0.78899345 0.508886928125 0.78915491875 0.5058059234375001 0.7630869625 0.387064053125
1 0.7587726390625 0.3908514953125 0.7920396515625 0.5199990828125001 0.7921477718750001 0.5200047484375 0.875090275 0.508097165625 0.8753618328125 0.50291553125 0.850903603125 0.3948133546875 0.7587726390625 0.3908514953125
1 0.8433380640625 0.396439509375 0.8766219640624999 0.5197379203125 0.88746264375 0.52030605625 0.9527959421875 0.5181442953125 0.95306955625 0.5129234171875 0.9239260843749999 0.3898621828125 0.8433380640625 0.396439509375
1 1 0.450675290625 0.999894253125 0.3959963359375 0.9303320890625001 0.39454518906249997 0.9504471390625 0.522042290625 0.9554979578125 0.5223069921875 0.9998614218749999 0.5157371890625 1 0.513092959375 1 0.450675290625
1 0.402686290625 0.248816846875 0.4251210859375 0.35212848750000003 0.477046875 0.354849803125 0.5075870796874999 0.3552299046875 0.50775728125 0.351982259375 0.487086959375 0.2465572515625 0.402686290625 0.248816846875
1 0.489360878125 0.2511744234375 0.5112636546875 0.36446625 0.5159151734375 0.364710025 0.5885738843749999 0.36237955781250003 0.58884986875 0.35711347656250003 0.5727727875 0.25726411875 0.489360878125 0.2511744234375
1 0.565840046875 0.24902736406249998 0.58578573125 0.3574192765625 0.607530215625 0.35855885625 0.6608460796875 0.35668273125 0.6610492625 0.352805790625 0.64287460625 0.24550750468750002 0.565840046875 0.24902736406249998
1 0.7231776859375 0.2541134265625 0.641584121875 0.2484560765625 0.6665213390625 0.35898381874999996 0.7196454125 0.3628699203125 0.7449431328125 0.36419571875 0.7451889984375 0.3595043203125 0.7231776859375 0.2541134265625
1 0.7158972 0.24177449218749997 0.7609371390625 0.3869389484375 0.7663760296875 0.3872239890625 0.8398656578124999 0.374132734375 0.8399428859375 0.372659146875 0.8091948999999999 0.2383897296875 0.7158972 0.24177449218749997
1 0.8848707546875 0.25973180937499996 0.8847830078125 0.2607763953125 0.80973631875 0.25413930156250003 0.840080878125 0.3785695421875 0.8448136984374999 0.378817578125 0.9076777078125 0.363974971875 0.9079761078124999 0.3582811734375 0.8848707546875 0.25973180937499996
1 0.9615282593750001 0.25810805000000003 0.8818072390625 0.2605090921875 0.8817226671875 0.26212282343750004 0.9065205468749999 0.3601464765625 0.9208975171875 0.3608999421875 0.976734940625 0.35991291406250003 0.976953840625 0.3557360515625 0.9615282593750001 0.25810805000000003
1 1 0.2602145046875 0.9626711968749999 0.258258184375 0.987025678125 0.36213592499999997 1 0.3669452734375 1 0.2602145046875
1 0.0255177171875 0 0.020147665625 0.1024666640625 0.0473338015625 0.103891428125 0.0623072265625 0.1041045 0.06267671875 0.0970541640625 0.0561313796875 0.012680059375 0.041642146875 0 0.0255177171875 0
1 0.06287301875 0.1020138125 0.14286570781250002 0.11942706249999999 0.142903546875 0.1187050765625 0.1334214265625 0.0182870484375 0.0502222890625 0.023572360937500002 0.06287301875 0.1020138125
1 0.20815991562499997 0.02403529375 0.130722575 0.0205925484375 0.140686959375 0.1032422265625 0.20970332187500001 0.11396549843749999 0.21979179843750002 0.1144942140625 0.220085709375 0.108886046875 0.20815991562499997 0.02403529375
1 0.36092340156249997 0.0319059625 0.28451430625 0.032866115625 0.30079320468750004 0.11315259531249999 0.34333212031250004 0.1162747546875 0.3791937046875 0.11815418124999999 0.37924848125 0.11710899999999999 0.36092340156249997 0.0319059625
1 0.3567953890625 0.0380012453125 0.35678785625 0.038144984375 0.3761452171875 0.1300327046875 0.45051165312499997 0.1306654859375 0.450778996875 0.12556425625 0.43838329218750005 0.04223379375 0.3567953890625 0.0380012453125
1 0.45377112343750003 0.1290912171875 0.5315706421875 0.13643778125 0.531741396875 0.133179590625 0.5111167640625001 0.0460004890625 0.43589443125000005 0.0437564484375 0.45377112343750003 0.1290912171875
1 0.5071316203125 0.050309546875 0.5264468203125 0.13995318750000002 0.5349532984375001 0.14039899375 0.6018954953125 0.138043290625 0.6019414046875 0.137167271875 0.5799965796875 0.055080890625000004 0.5071316203125 0.050309546875
1 0.674790265625 0.1492921828125 0.6558662484375 0.0551825484375 0.578597584375 0.052499264062499995 0.6013850546875 0.145445178125 0.674790265625 0.1492921828125
1 0.656555540625 0.05483080781250001 0.6782618953124999 0.1510387671875 0.6916471359374999 0.1517402578125 0.7498700453125 0.15076386718749998 0.7499325890625 0.1495704578125 0.727782459375 0.06282600625 0.656555540625 0.05483080781250001
1 0.7555364124999999 0.15958048281249998 0.793115878125 0.1633165875 0.8255316171875 0.1650154234375 0.80266550625 0.077652521875 0.7252640515625 0.0620120359375 0.7555364124999999 0.15958048281249998
1 0.8740983515625 0.0687724859375 0.7985871078125 0.0675041875 0.8222087 0.14983033125 0.8873906359375001 0.1588694515625 0.8980571609375 0.15942846093750002 0.898154621875 0.1575687953125 0.8740983515625 0.0687724859375
1 0.8726201703124999 0.061926892187500006 0.9014581640625 0.167429921875 0.9070379203125001 0.16772234375 0.9695818203125001 0.167995459375 0.9697283296875 0.16519990625 0.9458108562499999 0.06907235625 0.8726201703124999 0.061926892187500006
1 1 0.066961159375 0.94574161875 0.0621335375 0.9718441765625 0.16173082968750002 0.9758907375 0.1619429015625 1 0.1564022484375 1 0.066961159375
0 0.287045896875 0.028657748437500002 0.20654837812500002 0.0233997734375 0.21644108750000002 0.1143200140625 0.293509003125 0.12148685781249999 0.296085821875 0.12162190312500001 0.296663303125 0.1106029265625 0.287045896875 0.028657748437500002
0 0.0139067765625 0.22154995 0.012926295312499999 0.24025861874999999 0.010226095312499999 0.32256154062500003 0.0764408421875 0.326031709375 0.0882088578125 0.3263965328125 0.0884074140625 0.3226078484375 0.0816904234375 0.22582076093749998 0.0139067765625 0.22154995
0 0.0769241671875 0.23148992812500002 0.0911573140625 0.3471433421875 0.09555488906250001 0.347373809375 0.17220383125 0.3358573109375 0.17239756875 0.3321605921875 0.158523940625 0.23735783281249997 0.0769241671875 0.23148992812500002
0 0.25556125 0.3553510609375 0.3430527765625 0.359936296875 0.3432131609375 0.3568759875 0.3234894171875 0.24969018437499998 0.2493085859375 0.24487502968750002 0.25556125 0.3553510609375
0 0.3259994140625 0.2546481546875 0.3443161765625 0.3619754796875 0.3485727796875 0.362198559375 0.42210487968750005 0.344291896875 0.4222454203125 0.3416102390625 0.4031641625 0.25703730468749997 0.3259994140625 0.2546481546875
0 0.26055785625 0.3646391328125 0.2808251953125 0.4838196015625 0.305217484375 0.48509794843750004 0.36473948906250003 0.48352263593749994 0.36481430000000004 0.482095140625 0.34260114375 0.3615310109375 0.26055785625 0.3646391328125
0 0.175772365625 0.3664720015625 0.1900100828125 0.48218947187500005 0.2283193609375 0.4841971765625 0.2754377796875 0.48575482968749994 0.2754966359375 0.48463177812499997 0.262263359375 0.36756559218749996 0.175772365625 0.3664720015625
0 0.18709259218750002 0.46973552500000004 0.1754368828125 0.3612702125 0.09054075624999999 0.3579413265625 0.092354259375 0.365190321875 0.0884666203125 0.36829628125 0.10504581406249999 0.47617203906250005 0.1191243671875 0.476909865625 0.186672540625 0.47775056562499996 0.18709259218750002 0.46973552500000004