1 0.9079973890625 0.1813588484375 0.8404702609375001 0.1872903125 0.8862693875 0.29359659531250004 0.91994295 0.290896015625 0.9552487 0.28718523125 0.9547747140625 0.28267556875 0.9079973890625 0.1813588484375
1 0.8839167203124999 0.296128771875 0.832912121875 0.188886034375 0.765840109375 0.197242284375 0.816263996875 0.30456410625 0.8839167203124999 0.296128771875
0 0.52263433125 0.22642668437500002 0.5179390140625 0.22692018281249998 0.5633922578125 0.335689621875 0.638752171875 0.32533056718750003 0.6384528078125 0.32248231562499996 0.595004534375 0.2207606234375 0.52263433125 0.22642668437500002
1 0.67483419375 0.2107809171875 0.5990627749999999 0.2186419375 0.643143775 0.3227410109375 0.696229971875 0.3206936234375 0.7212569921875 0.31806317812499996 0.721000184375 0.31561981562499997 0.67483419375 0.2107809171875
1 0.6790905921875 0.20902093906250002 0.7270741640625 0.32059398125 0.80705036875 0.31218814375 0.806901221875 0.3107691015625 0.7575537328124999 0.2003487921875 0.6790905921875 0.20902093906250002
1 0.4854199890625 0.347221759375 0.56295551875 0.3366295921875 0.562690965625 0.33411253125 0.5183625234375 0.228453284375 0.44290878125 0.2363837921875 0.4854199890625 0.347221759375
1 0.35945522812499997 0.2475972890625 0.40148213281249995 0.359528403125 0.41092785625 0.3585356171875 0.4825975484375 0.349374821875 0.48243444062499996 0.3478229421875 0.4409763703125 0.2365844734375 0.35945522812499997 0.2475972890625
0 0.15459976875 0.40433006562499996 0.1153758046875 0.27086522031250004 0.034468531250000004 0.2785918390625 0.0717286359375 0.413040171875 0.15459976875 0.40433006562499996
0 0.11621893593749999 0.271677771875 0.1163476984375 0.2729028625 0.15711849375 0.40815164687500005 0.2325149078125 0.400854175 0.2412480234375 0.3999362875 0.240787890625 0.3955584171875 0.203007309375 0.2640495 0.11936205468750001 0.2713474171875 0.11621893593749999 0.271677771875
0 0.27917298437500004 0.255539771875 0.3260719453125 0.39259204062499997 0.40457509687500004 0.3843410265625 0.4040518265625 0.3793624328125 0.3562993125 0.24510223281250001 0.27917298437500004 0.255539771875
0 0.242835215625 0.40075115156249996 0.32351919218749997 0.39044583906249997 0.323041009375 0.385896240625 0.2771161765625 0.257073559375 0.2030437578125 0.2633047296875 0.242835215625 0.40075115156249996
1 0.8123405328125 0.3151392875 0.873132215625 0.45921111718749996 0.9566951703125 0.450428296875 0.956513615625 0.4487009203125 0.8901014249999999 0.3053680359375 0.8123405328125 0.3151392875
1 0.979514484375 0.29836158125 0.8934982140625 0.3039448234375 0.961004459375 0.45706001093750004 0.9840446515625001 0.45698039062499995 0.9965236359375 0.45566879687500006 0.9837057921874999 0.33371516562500003 0.979514484375 0.29836158125
1 0.4887681640625 0.3558783296875 0.5394292125 0.49742692968749996 0.554993521875 0.49579105468750007 0.6226601203125 0.48613464375 0.6223023546875 0.48273073593750004 0.5650801624999999 0.347046878125 0.54570649375 0.34908313281250003 0.4887681640625 0.3558783296875
1 0.8097490765625001 0.3233306875 0.7274545640625 0.33218488281249997 0.72748599375 0.332483925 0.791873440625 0.470893971875 0.80404806875 0.46961436718750005 0.8694484015624999 0.45742331875 0.8692529406249999 0.455563628125 0.8097490765625001 0.3233306875
1 0.6447809484375 0.340310671875 0.5681690015624999 0.34742514375 0.6225845328124999 0.48422691718750005 0.703723084375 0.48173005468749996 0.7054467921875001 0.4815488859375 0.70478315625 0.47523481093750003 0.6447809484375 0.340310671875
0 0.6486450609375 0.3423150640625 0.7092878796875 0.4811451703125 0.7893595765625 0.472729296875 0.78906886875 0.4699633859375 0.72431245 0.332899040625 0.6486450609375 0.3423150640625
1 0.48473740000000004 0.3561831921875 0.40653445625 0.3662988578125 0.41246029375 0.38697948437499996 0.45720074374999997 0.5123539171875 0.4748322546875 0.5105007703125 0.536207678125 0.5006871625 0.53534129375 0.4924440703125 0.48473740000000004 0.3561831921875
1 0 0.47222089843750004 0.018072046875 0.5600793093750001 0.0840270875 0.5531471546875 0.104699175 0.5507246859375 0.104166321875 0.545654940625 0.071704365625 0.41185665312499997 0 0.41731674375 0 0.47222089843750004
0 0.07573794218749999 0.41699763437500004 0.10921453437499999 0.548928740625 0.1286785015625 0.5468829953125 0.1945225015625 0.5383478296875001 0.1940977859375 0.5343069328125 0.159957521875 0.4114147 0.07573794218749999 0.41699763437500004
1 0.3270561453125 0.3950384453125 0.24467323593749998 0.4026288421875 0.24478754375 0.40371641562500005 0.28397778281249997 0.5289892765624999 0.3701223046875 0.519935121875 0.3700155828125 0.5189197437499999 0.3270561453125 0.3950384453125
0 0.24344203593749997 0.4019109875 0.1610208296875 0.4100416578125 0.1981961484375 0.5403745125 0.2296631078125 0.5378401921875 0.2834282890625 0.53218924375 0.2833815375 0.5317444296875 0.24344203593749997 0.4019109875
1 0.370669771875 0.5194625140625 0.45256696406249997 0.5120953359375 0.4519391796875 0.5061223671875 0.4076714 0.387895678125 0.32877766406250003 0.39637977812499997 0.370669771875 0.5194625140625
1 1 0.69221620625 0.9459216515625 0.5720938859375 0.8735983578125 0.576356803125 0.9396005875 0.7523063875 1 0.7459581531249999 1 0.69221620625
1 0.22588702500000002 0.64592089375 0.1360053375 0.6521303374999999 0.18244124374999998 0.834679084375 0.2153940703125 0.831565771875 0.27651230312499997 0.8251419875 0.27608090937499996 0.8210375453125 0.22588702500000002 0.64592089375
1 0.7956696359375 0.5833516515625 0.8593237874999999 0.76388603125 0.8779679515625001 0.7619264515624999 0.9367016734375 0.7534895749999999 0.9361456125000001 0.748199015625 0.869679603125 0.5772964843749999 0.7956696359375 0.5833516515625
1 0.32374764843750004 0.6363871249999999 0.377295909375 0.8161203109375 0.469364246875 0.8064435375000001 0.4690043984375 0.8030198125 0.41070003125000004 0.6228163484375 0.32374764843750004 0.6363871249999999
0 0.04293360625 0.665515678125 0.08571880625 0.8467662984375 0.1022483921875 0.84502896875 0.17991237031250001 0.8328360796875 0.1789809875 0.823974559375 0.13371670156249998 0.6536963171875 0.04293360625 0.665515678125
1 0.7721831953125 0.5877935437499999 0.6887454109375 0.5975635406250001 0.75454239375 0.7763626968749999 0.763754109375 0.7755019171875001 0.8392020765625 0.767572015625 0.8385833390625 0.761685125 0.7721831953125 0.5877935437499999
1 0.47085571875000004 0.8047156718749999 0.502741884375 0.8013643 0.5607488390625 0.793973040625 0.5603917218750001 0.7905753078125 0.502639746875 0.622431640625 0.420623096875 0.62774695625 0.41504796875 0.6283329265625001 0.47085571875000004 0.8047156718749999
0 0.23042971250000002 0.6452762328125 0.281205609375 0.8277909140625 0.3163984921875 0.82409199375 0.376258509375 0.817486521875 0.37561761250000003 0.8113887984374999 0.3227179953125 0.6419434140625 0.23042971250000002 0.6452762328125
0 0.591950265625 0.6117156296874999 0.6609457187500001 0.7878786203125 0.689980659375 0.7848269250000001 0.7521675984375 0.7765868453125 0.7516954765625 0.77209490625 0.6863564171875 0.598271009375 0.591950265625 0.6117156296874999
1 0.589534515625 0.6122035625 0.50495556875 0.621889496875 0.50498021875 0.622124028125 0.556284675 0.77314445 0.5631023125 0.7921086609375 0.6574991156250001 0.7877093796875 0.6573144906249999 0.7859527796875 0.589534515625 0.6122035625
1 0 0.1544086546875 0.0080547796875 0.18563766875 0.08480655000000001 0.17757073125 0.08589037499999999 0.177445859375 0.0856526875 0.17518440468750002 0.058526904687500006 0.08206981249999999 0 0.08844879375 0 0.1544086546875
1 0.0599244171875 0.08208473125 0.087711159375 0.1772654453125 0.165142478125 0.1691270859375 0.1647065921875 0.1649799109375 0.13635621250000002 0.07407508125 0.0599244171875 0.08208473125
1 1 0.74394796875 0.9387868234375001 0.754399915625 1 0.90477018125 1 0.74394796875
0 0.16658544687500002 0.1711261875 0.24487288281250003 0.16535905 0.24473577500000002 0.16405455 0.21101414531249998 0.0672076671875 0.13689291875 0.073749190625 0.16658544687500002 0.1711261875
1 0.28513290156250004 0.0618408609375 0.21172029062500003 0.06682501874999999 0.2448273484375 0.165326021875 0.307790178125 0.16041863437499998 0.3196358875 0.1591736015625 0.3192671171875 0.155664996875 0.28513290156250004 0.0618408609375
1 0.2855298046875 0.061533978125 0.32086464375 0.15904445312499998 0.397332909375 0.1510073140625 0.3970145296875 0.1479781328125 0.36548387656250003 0.0589105515625 0.2855298046875 0.061533978125
1 0.9170003796874999 0.9416434609375001 0.8434925609375 0.7699278703125 0.75661864375 0.7785434984374999 0.8239692765625 0.9514214234375 0.9170003796874999 0.9416434609375001
1 0.663527096875 0.7939382125 0.7292128640625 0.9645229375 0.7507110359375 0.9622633875 0.8210618203125 0.95373296875 0.8206847046875 0.9501449515625 0.752873846875 0.7797876921875 0.7507311062500001 0.780012903125 0.663527096875 0.7939382125
1 1 0.9069717421875 0.9354146406250001 0.754834534375 0.8486349296875 0.7676311328125001 0.8486615203125 0.767884121875 0.9232445031250001 0.9515514328125001 0.9499329718749999 0.9491798515625 1 0.9439175953125 1 0.9069717421875
1 0.6308139984375 0.9765644359375001 0.6935625203125 0.9714121515624999 0.728203453125 0.96777124375 0.6591185046875 0.7931278203125001 0.5708963671875 0.799338815625 0.6308139984375 0.9765644359375001
1 0.3288084890625 1 0.27549960625000003 0.8297067390624999 0.18647037187499999 0.838548903125 0.2284484046875 1 0.3288084890625 1
1 0.4323241203125 1 0.373001253125 0.8212850171875001 0.355456765625 0.8231290171874999 0.27875181875 0.8315014703125 0.27890688125 0.8329767921875 0.3315615 1 0.4323241203125 1
1 0.48135964375 1 0.53312696875 0.994559034375 0.5326725437500001 0.9902354640625 0.471113953125 0.813339734375 0.3745289796875 0.8216273765625 0.433003896875 1 0.48135964375 1
1 0.6328660390625 0.9868356796875 0.5671284265625001 0.8001752062499999 0.47416642343750004 0.8116761125 0.5360817499999999 0.9989617953125001 0.6330691359375 0.988768009375 0.6328660390625 0.9868356796875
1 0.22385278125000002 1 0.1837879546875 0.8393427062500001 0.08691665312499999 0.8520033 0.1199306515625 1 0.22385278125000002 1
1 0.5850493203125 0.0295580421875 0.6250077328125 0.133362153125 0.6607505484375 0.12960543124999999 0.69627881875 0.125255978125 0.6958491109375 0.1211675734375 0.65408724375 0.0201959078125 0.5850493203125 0.0295580421875
1 0.3663056078125 0.058366101562499995 0.39746291718750004 0.14942254375 0.4497913484375 0.143922603125 0.470172253125 0.1414675328125 0.47000750937499997 0.13990010625 0.43446592968750003 0.05243762656249999 0.3663056078125 0.058366101562499995
1 0.71770521875 0.0175755609375 0.6562055015625 0.021537184375 0.698170421875 0.1271678953125 0.7024469375 0.126794071875 0.77109525 0.11957884375000001 0.7709761 0.11844521562500002 0.71770521875 0.0175755609375
1 0.58211139375 0.033230970312500004 0.5096879703125 0.04444806875 0.548456496875 0.1381096921875 0.61748708125 0.1325814984375 0.6215903140625 0.13215023125 0.6209556390625 0.1261117125 0.58211139375 0.033230970312500004
1 0.507643790625 0.045888021875000004 0.4361922984375 0.0518987140625 0.47296640781250004 0.143427965625 0.509388728125 0.1408008796875 0.5466745203125 0.1368819859375 0.54644490625 0.1346973515625 0.507643790625 0.045888021875000004
1 0.791129096875 0.0098738390625 0.8472219578125 0.11157760312500001 0.9171656531249999 0.104226225 0.9170846609375 0.10345564843749999 0.86249030625 0.005898453125 0.791129096875 0.0098738390625
1 0.7776772703125 0.012051790625 0.7233483515625 0.01883755 0.7723260125 0.1241628046875 0.778324390625 0.12353235 0.8443268140625 0.11377080625 0.8440315515625001 0.11096156718750001 0.7998032953124999 0.033322135937500004 0.7866435109375 0.0111094 0.7776772703125 0.012051790625
1 0.9150951890625001 0 0.864936540625 0.0051108546875 0.918012503125 0.1048999109375 0.9582969359375 0.10304536718749999 0.9594486968749999 0.10292431093750001 0.948630915625 0 0.9150951890625001 0