1 1 0.4230157 0.9950891531250001 0.3487360453125 0.9299215015625 0.33007398593750004 0.9345819046875 0.44573239062500003 0.966986684375 0.45527870625 1 0.4641245984375 1 0.4230157
1 0.93147805 0.44725326093750006 0.9222935140624999 0.32885512656250004 0.856681784375 0.31261989843750004 0.8652958375 0.4308837546875 0.93147805 0.44725326093750006
1 0.6191708765625 0.2527087265625 0.6146105671875 0.2514867953125 0.6180653453125 0.3693208 0.6921322375 0.38665636875 0.6928734796875 0.3838900140625 0.6887648171875 0.2733541640625 0.6191708765625 0.2527087265625
1 0.7668686296875 0.292645696875 0.6933127796874999 0.27283054375 0.6971601671875 0.38581261875 0.74745411875 0.402925609375 0.7717615234374999 0.40943875781249994 0.7723973953125001 0.4070656515625 0.7668686296875 0.292645696875
1 0.771473040625 0.292527971875 0.7762853625 0.41388615624999997 0.8539619640625 0.4346995390625 0.8543312625 0.4333212984375 0.8478325124999999 0.31255050156249997 0.771473040625 0.292527971875
1 0.5411392109375 0.3521442171875 0.617320759375 0.370041825 0.6179758109375 0.3675971390625 0.61445653125 0.253069840625 0.5411723546875 0.2334334046875 0.5411392109375 0.3521442171875
1 0.45924319375 0.213995028125 0.45836616562500004 0.3335528203125 0.467540290625 0.3360110203125 0.5377326484375 0.3531428015625 0.5381365171875 0.35163554375 0.5392963765625 0.23292824374999999 0.45924319375 0.213995028125
0 0.21182614375000003 0.2869040484375 0.22303694062499999 0.1482472703125 0.1447345203125 0.1264661171875 0.1313378515625 0.2653372765625 0.21182614375000003 0.2869040484375
1 0.22353287812499997 0.149308003125 0.22321405625000001 0.15049786874999999 0.2128080421875 0.2913744328125 0.2858118390625 0.3115813140625 0.294293846875 0.3138540609375 0.2954331640625 0.30960207031250003 0.307290534375 0.1732885703125 0.22658562187500003 0.150125984375 0.22353287812499997 0.149308003125
0 0.38144693125 0.192639390625 0.3761157421875 0.33739579062499997 0.45236164843750004 0.3578258203125 0.4536573 0.352990378125 0.457191040625 0.21053471406250002 0.38144693125 0.192639390625
0 0.295483596875 0.31518360156249997 0.374501671875 0.33447731406250003 0.37568568125 0.33005853281249997 0.378977075 0.1933342109375 0.30759146249999997 0.1726063296875 0.295483596875 0.31518360156249997
1 0.8578431625 0.43935049375 0.8629663609374999 0.595638925 0.9441265812499999 0.6173857390624999 0.9445761218750001 0.6157080328125 0.9339409125 0.45809525625 0.8578431625 0.43935049375
1 1 0.477395925 0.937622121875 0.4579838734375 0.94577305625 0.6251212890625 0.9673114609375 0.6333038234374999 0.9794316296875 0.6365514140624999 1 0.5597892125 1 0.477395925
1 0.5411627640625001 0.36142569999999996 0.5377324484375 0.5117279984375 0.5528492265625 0.5157785265625 0.6194819875 0.53101303125 0.6203678359375 0.527706996875 0.6155710625 0.38052860312500003 0.59675445625 0.37548670781250004 0.5411627640625001 0.36142569999999996
1 0.8524882953124999 0.4460691296875 0.7724866875 0.4248435171875 0.7724088640625 0.425133959375 0.7829179984375 0.57742526875 0.7947425625 0.58059365 0.8601679140625 0.5926497093750001 0.8606518890625001 0.5908434921875 0.8524882953124999 0.4460691296875
1 0.692392196875 0.4028020203125 0.618319184375 0.3819886859375 0.6200950875 0.5292049265625 0.696739246875 0.5559513609375 0.6984133921875 0.5563999468749999 0.700056596875 0.5502674234375 0.692392196875 0.4028020203125
0 0.6952813453125 0.40605805625 0.7021440343750001 0.55739956875 0.779913384375 0.5782378031250001 0.780633196875 0.5755514234375 0.769297340625 0.42438420781249997 0.6952813453125 0.40605805625
1 0.53729046875 0.360265815625 0.4606566015625 0.34168417500000003 0.45877757499999994 0.3631148328125 0.4556162046875 0.49619549375 0.472740746875 0.500784 0.533556521875 0.5136171921875 0.5357017421875 0.5056111203125 0.53729046875 0.360265815625
1 0.052156571875 0.24043020624999997 0.028550996875 0.383381334375 0.09260959375 0.40054578437500005 0.11277678437500001 0.40569242812499995 0.11409615937499999 0.4007684546875 0.1317393296875 0.2642236671875 0.052156571875 0.24043020624999997
0 0.13366263437499998 0.2704686921875 0.1176358453125 0.405633928125 0.1365401546875 0.41069932343750004 0.2010695546875 0.4263274390625 0.2021211765625 0.42240273281249996 0.21428912968749997 0.2954381734375 0.13366263437499998 0.2704686921875
0 0.376157859375 0.3400324125 0.29652663281249997 0.3175952640625 0.296243596875 0.318651565625 0.2879370578125 0.4496483828125 0.371604615625 0.4720670375 0.3718688625 0.471080853125 0.376157859375 0.3400324125
0 0.2956344640625 0.3164838671875 0.21577386718749997 0.2945373828125 0.2037729015625 0.4295360265625 0.23405805625 0.4384467859375 0.286277296875 0.45243888906249996 0.2863930578125 0.4520068640625 0.2956344640625 0.3164838671875
0 0.3722850890625 0.4718220140625 0.451382865625 0.4942934890625 0.45293729843749997 0.48849226406249996 0.45397842187500004 0.3622539890625 0.3772843453125 0.341901590625 0.3722850890625 0.4718220140625
1 0.8214202828125 0.70517089375 0.81998398125 0.8930870656250001 0.8794952031250001 0.90903305 0.900188421875 0.9141799859375 0.9008978593749999 0.9115323249999999 0.8904675875000001 0.7271094687499999 0.8214202828125 0.70517089375
1 0.1918001203125 0.5379955859375001 0.1056630703125 0.511581884375 0.083595103125 0.6986469625 0.11547492968749999 0.7075496718750001 0.17483579375 0.7234553671875 0.175903953125 0.71946894375 0.1918001203125 0.5379955859375001
1 0.7461608234375 0.683773990625 0.740889359375 0.8751289640625 0.7589974359375 0.8799810078125001 0.8168535953125 0.8931527890625001 0.818230434375 0.8880143515625001 0.8174250578125 0.70464380625 0.7461608234375 0.683773990625
1 0.28657747968749997 0.5641651578125 0.272158475 0.7511505203125 0.3615795171875 0.7751108171875 0.36247052343749997 0.7717855359375 0.37261785468749997 0.5826566921875 0.28657747968749997 0.5641651578125
0 0 0.6782258765625 0.0050195593750000005 0.6795708640625 0.0818946703125 0.6960201015624999 0.084200834375 0.6874133812500001 0.10296524843749999 0.512223678125 0.013976246875 0.4907242515625 0 0.5938487171875 0 0.6782258765625
1 0.7226425125 0.6795040671875 0.641245375 0.6587237171875 0.6385962640625 0.849226640625 0.6475046171875001 0.8517242156249999 0.720783184375 0.8713591484375 0.722315215625 0.8656415281250001 0.7226425125 0.6795040671875
1 0.363591140625 0.7740322109375 0.3945604640625 0.7823304156249999 0.45136341093750004 0.7962179125 0.452247653125 0.7929178765625 0.45858884062499994 0.615245784375 0.38011486250000004 0.5908159203125 0.3747000390625 0.5893650234375001 0.363591140625 0.7740322109375
0 0.19627211093750002 0.539021696875 0.1782680828125 0.7276102843750001 0.2124490421875 0.7367690453125 0.27070037343750003 0.7520542171875 0.27228727343750003 0.7461318265625 0.28362502031250003 0.5689834046875 0.19627211093750002 0.539021696875
1 0.5458076671875001 0.637247553125 0.5470893015625 0.8264356328125 0.575289384375 0.833991821875 0.6362988734374999 0.84858485 0.6374678765625 0.8442220703125001 0.6387615234374999 0.6585280578125 0.5458076671875001 0.637247553125
0 0.5433775109375001 0.63683735 0.4609451328125 0.615569565625 0.460884096875 0.615797353125 0.45466005468750004 0.775172934375 0.45422870312499997 0.795320775 0.5439322718749999 0.82504248125 0.5443894171875 0.8233363890625001 0.5433775109375001 0.63683735
1 0.15684994375 0 0.15338695625 0.030220079687500002 0.22793183749999998 0.050194321875 0.2289884265625 0.05046615 0.22957695781249998 0.0482697203125 0.233594909375 0 0.15684994375 0
1 0.2349646640625 0 0.23075292812499998 0.0509502296875 0.3059578203125 0.07110132031250001 0.3070371 0.06707339062499999 0.31134977343750003 0 0.2349646640625 0
1 0.88366349375 1 0.9071147343750001 0.9124787796874999 0.8184740140625 0.8947499156250001 0.820587540625 1 0.88366349375 1
0 0.31178161875 0 0.306588534375 0.07348475625 0.3817429078125 0.096156378125 0.382082396875 0.0948893859375 0.3850679359375 0 0.31178161875 0
1 0.3857774546875 0 0.381712234375 0.09610922499999999 0.44225174999999994 0.1140916453125 0.4537568515625 0.11717442812500001 0.454669946875 0.113766709375 0.45642647500000005 0.013941723437500001 0.411153221875 0 0.3857774546875 0
1 0.45690699375 0.0137974609375 0.454950278125 0.1174942046875 0.5292198078125 0.137394665625 0.5300081359375 0.13445258437500002 0.5324907015625 0.04000125625 0.45690699375 0.0137974609375
1 0.728687621875 1 0.7239444328125 0.8750961 0.6397530796875001 0.85200665625 0.640489590625 1 0.728687621875 1
1 0.6376346265625 1 0.6358111328125 0.85182619375 0.6337300031249999 0.8512685578125 0.5473276625 0.8330178328125 0.5475020015625 1 0.6376346265625 1
1 0.8188776093750001 1 0.81517005625 0.8939471843750001 0.7295683265624999 0.874794771875 0.7295024875 0.8750404875 0.7319038328125 1 0.8188776093750001 1
1 0.5452241046874999 1 0.5435023046875 0.8306813671875 0.4589140234375 0.80486384375 0.45133996875 0.9917907734375 0.47940247812500003 1 0.5452241046874999 1
1 0.0859698 0.703703659375 0.06430878125 0.8960421234375 0.15899815781249999 0.9214140656250001 0.1602898515625 0.9165934015625 0.17225449843750001 0.7273540125 0.0859698 0.703703659375
1 0.1746475265625 0.7301950265625 0.17426358125000002 0.731627928125 0.16258899531249998 0.9223762265625 0.2571 0.9477003749999999 0.2574590859375 0.9463602453125001 0.26629820312499997 0.754433121875 0.2492581828125 0.7498672625 0.1746475265625 0.7301950265625
1 0.26760176874999997 0.75530023125 0.25801273281250003 0.947944940625 0.3536925828125 0.9735822781250001 0.35481776875 0.9693830265625 0.360741634375 0.782176009375 0.26760176874999997 0.75530023125
1 0.449633871875 1 0.45509661250000005 0.8042943749999999 0.3641875484375 0.7817167921875 0.3548733 0.9787515078125001 0.4341737515625 1 0.449633871875 1
1 0 0.8819684578125001 0.001652859375 0.8824887578125 0.0585782484375 0.8977418687500001 0.05998183124999999 0.8925036265624999 0.0831810734375 0.7034834453125 0 0.68343060625 0 0.8819684578125001
1 0.7479917 0.091283546875 0.7480960265625 0.2025128484375 0.7828111078125 0.21181472656250003 0.8175383109375 0.2204863546875 0.8186022953125001 0.21651550625 0.8157992437500001 0.1072842203125 0.7479917 0.091283546875
1 0.5334529671875 0.0397874515625 0.5299091109375 0.1359617453125 0.5807329125 0.149579940625 0.60063994375 0.154591796875 0.601047859375 0.15306943906249998 0.599210684375 0.0586792171875 0.5334529671875 0.0397874515625
1 0.8761307875 0.127636559375 0.8172961375 0.1092955265625 0.8186191046875001 0.222949171875 0.8227455421875 0.22413274374999997 0.8894199687500001 0.24199810312499997 0.8897149890625 0.240897071875 0.8761307875 0.127636559375
1 0.74393265 0.09365966249999999 0.6722997109375 0.0781774921875 0.6749279234375 0.17951154687499998 0.7413546531249999 0.19908888281249998 0.745339903125 0.200156728125 0.7469113968750001 0.1942918375 0.74393265 0.09365966249999999
1 0.6698752703124999 0.07878923593750001 0.6010155187499999 0.058794775 0.60254595625 0.15742335624999998 0.6374905859375 0.16802335156249998 0.6737042765625 0.17772678125000002 0.674272815625 0.17560496406249998 0.6698752703124999 0.07878923593750001
1 1 0.163646584375 0.9474379328125 0.146759146875 0.9633577609374999 0.26180967499999996 1 0.27162793281250003 1 0.163646584375
1 0.9340990640625 0.14397173593749998 0.88094685 0.1308370453125 0.8889262406249999 0.246718665625 0.8947521437500001 0.24827971249999997 0.9598689390624999 0.26281967812499996 0.9606000281249999 0.26009121562500004 0.9471328765625 0.17175857187500002 0.94280749375 0.146305153125 0.9340990640625 0.14397173593749998