1 0.9292308109375 0.2105955015625 0.8614544171875 0.21180206250000003 0.899726428125 0.32104417500000004 0.933506346875 0.320699121875 0.96898494375 0.31946018125000003 0.9688266921875 0.31492844062500003 0.9292308109375 0.2105955015625
1 0.8972028578125 0.32340606875 0.8538033781250001 0.21286666875 0.786311846875 0.21652385624999998 0.8291265125 0.3271016390625 0.8972028578125 0.32340606875
0 0.5416627046875 0.22867198593750002 0.5369444015625 0.22883675312500001 0.57469955 0.34051189375 0.6505985015625 0.335434915625 0.6504985515625 0.3325727203125 0.6142518625 0.22806801875 0.5416627046875 0.22867198593750002
1 0.694583209375 0.22368125781249998 0.618448009375 0.22623758125 0.6551600453125 0.333158009375 0.7082597453125 0.334818715625 0.7334092921875001 0.3339404734375 0.7333235515625 0.33148515 0.694583209375 0.22368125781249998
1 0.698952009375 0.222222478125 0.7390357546875 0.3368708984375 0.819403503125 0.3340643953125 0.81935370625 0.3326384046875 0.77782895625 0.21904476874999998 0.698952009375 0.222222478125
1 0.4961127765625 0.3465768703125 0.57419830625 0.3414191078125 0.574109978125 0.338889725 0.537259934375 0.23039566250000001 0.4614367890625 0.233043465625 0.4961127765625 0.3465768703125
1 0.3774043109375 0.23840822187500002 0.41152092187499995 0.35299832656249996 0.42101288906249995 0.35266685937500003 0.49314702187500004 0.348527803125 0.4930925640625 0.3469683265625 0.4594950875 0.2331088609375 0.3774043109375 0.23840822187500002
0 0.16211474374999998 0.38046921093749997 0.1322963640625 0.24459335312500002 0.05104719375 0.24665734375 0.07883789375 0.3833773015625 0.16211474374999998 0.38046921093749997
0 0.13308076093750001 0.2454627390625 0.1331237515625 0.24669382812500001 0.164360753125 0.3844571796875 0.24008255156249997 0.38243687187500003 0.24885842187499999 0.3821304109375 0.24870479531249998 0.377731109375 0.22018984375 0.24390710000000002 0.13623926875 0.24535244218750002 0.13308076093750001 0.2454627390625
0 0.2967635921875 0.2407311515625 0.333988025 0.3807210734375 0.41287550937499995 0.37796626093749996 0.412700803125 0.37296329375 0.3744301296875 0.23569909843749998 0.2967635921875 0.2407311515625
0 0.2503849046875 0.383054009375 0.3315912015625 0.378402028125 0.3314315484375 0.37383015625 0.2946048015625 0.2421177265625 0.22027815624999997 0.24316668749999998 0.2503849046875 0.383054009375
1 0.82447491875 0.33737737343749996 0.8750685734375001 0.4853388640625 0.95904063125 0.4824064953125 0.9589800140625 0.4806706625 0.9027279968749999 0.33305425 0.82447491875 0.33737737343749996
1 0.992411996875 0.3323020015625 0.906215790625 0.331871453125 0.9628768171875001 0.48932265625 0.9858664390625 0.49085043281249996 0.9984065171875001 0.49041252343749997 0.9941269531250001 0.3678618375 0.992411996875 0.3323020015625
1 0.49884894375 0.355445909375 0.5395126546875 0.500183640625 0.5551531609375 0.49963746093749994 0.623328525 0.49472475625 0.6232090765625 0.491304184375 0.5755911015625 0.3519592265625 0.556122584375 0.35263908125 0.49884894375 0.355445909375
1 0.8213183718750001 0.3453680484375 0.7386066859375 0.3484601 0.7386171796875 0.34876060625 0.7931927859375 0.491324934375 0.8054270171875 0.49089770625 0.87151844375 0.48329845000000005 0.8714531828125001 0.4814296546875 0.8213183718750001 0.3453680484375
1 0.6555676328125 0.35079907499999996 0.5786460296875 0.3525520375 0.6233861968750001 0.4928164046875 0.704501271875 0.49598556250000003 0.70623341875 0.495925075 0.706011846875 0.4895800875 0.6555676328125 0.35079907499999996
0 0.6592825140625 0.3530681328125 0.7100933109375 0.49579028437500006 0.7905570203125001 0.4929804296875 0.790459959375 0.49020097968750004 0.7354224109375 0.3489533359375 0.6592825140625 0.3530681328125
1 0.49480673125 0.3554688578125 0.4160886546875 0.36010472031249996 0.4205574484375 0.381148334375 0.4564432359375 0.5093382984375 0.474161065625 0.508719578125 0.53607154375 0.5032112093750001 0.5357822796875 0.49492776093749996 0.49480673125 0.3554688578125
1 0 0.41383237968750003 0.015055078125 0.5263153640625 0.08133301875 0.5240008875 0.10212373125 0.52302633125 0.101945825 0.517931765625 0.0788962421875 0.382194971875 0 0.3826831421875 0 0.41383237968750003
0 0.082561375 0.3876047984375 0.106753371875 0.5215497375 0.1263126296875 0.5208667124999999 0.1925916203125 0.5169453828125 0.19244981875 0.512884703125 0.166965246875 0.3879103265625 0.082561375 0.3876047984375
1 0.33479917656249997 0.383230171875 0.2520874671875 0.3850553390625 0.2521256328125 0.3861482375 0.28248181250000004 0.5138497125 0.3690480765625 0.5108267515625 0.36901244375000003 0.5098064015625 0.33479917656249997 0.383230171875
0 0.2509093421875 0.38425334843750003 0.1681217421875 0.3866148 0.1961149453125 0.5192233890625 0.22768203593749997 0.5188902671875 0.2817104390625 0.5170035546875 0.28169482968750004 0.5165565625 0.2509093421875 0.38425334843750003
1 0.369627178125 0.5103934828125001 0.4518387796875 0.5087571109375 0.451629178125 0.5027549 0.41571630937500004 0.3817282421875 0.336422934375 0.384688325 0.369627178125 0.5103934828125001
1 1 0.7663002796875 0.93980639375 0.603024190625 0.867361909375 0.60223170625 0.9209297390625 0.7823567687499999 0.9825027578125001 0.780206590625 1 0.7792796484375 1 0.7663002796875
1 0.2163758234375 0.6264442828125001 0.126279934375 0.626368771875 0.15986876875 0.8117120437500001 0.192958496875 0.8109049890625 0.25437595 0.8087602437499999 0.2542319171875 0.8046357078125 0.2163758234375 0.6264442828125001
1 0.78913508125 0.60377348125 0.840040734375 0.7883083796875 0.858776175 0.7876541234375 0.9179553515625001 0.78333485625 0.9177696953125001 0.7780183953125 0.8633871515625 0.602895740625 0.78913508125 0.60377348125
1 0.31466310468750003 0.6237601515625 0.35554337187499996 0.8067908515625 0.44806245312500004 0.8035600140625 0.44794230781250005 0.800119528125 0.4023503265625 0.6162879234374999 0.31466310468750003 0.6237601515625
0 0.03250120625 0.6332291515625 0.06253878125 0.8170227984375 0.07914929062500001 0.8164427468750001 0.1574746171875 0.809697121875 0.15716365000000002 0.8007922187500001 0.1238876359375 0.6277712890625 0.03250120625 0.6332291515625
1 0.765396003125 0.606566221875 0.6814799484375 0.6104920953125 0.734644253125 0.7934454703125 0.7438935765625 0.7932293640625 0.8197109171875001 0.7905817640625 0.8195043359374999 0.784666053125 0.765396003125 0.606566221875
1 0.44967082343750003 0.801940396875 0.4817130953125 0.8008214562499999 0.540094334375 0.7974945609375 0.539975103125 0.7940801937499999 0.49409291718750004 0.62231754375 0.411905278125 0.62189871875 0.40630285625000007 0.622094359375 0.44967082343750003 0.801940396875
0 0.22095241406250002 0.626118075 0.25887304375000003 0.81173010625 0.29423822187500004 0.8104951281250001 0.354413196875 0.8080813703124999 0.3541992171875 0.8019537937500001 0.3132483734375 0.6292310796875 0.22095241406250002 0.626118075
0 0.583933390625 0.617857621875 0.6404722656249999 0.79840436875 0.6696493546875 0.7973854828125 0.7322596078125 0.7935034171875001 0.732101978125 0.7889894859375 0.6790474234375 0.6110311921875 0.583933390625 0.617857621875
0 0.5814894890625 0.6181758515625 0.49644091562500003 0.6219382640625 0.49644914531250006 0.62217394375 0.537093975 0.776405303125 0.542572128125 0.79579889375 0.6370458640625001 0.7979951171875 0.6369842218749999 0.7962299171875 0.5814894890625 0.6181758515625
1 0.013293245312499999 0.0552179390625 0.0311819421875 0.15208707500000002 0.10830946875 0.149393721875 0.109399365625 0.1493447578125 0.10932000625 0.14707223125 0.08875564687500001 0.0522922625 0.013293245312499999 0.0552179390625
1 0.0901487140625 0.05240463125 0.1112282984375 0.1492917953125 0.1890387015625 0.1465745953125 0.1888931703125 0.14240711718750002 0.1669530515625 0.0497461046875 0.0901487140625 0.05240463125
1 1 0.7764152109375 0.9199719203125 0.78438843125 0.979625934375 0.9663578890625001 1 0.9656464109374999 1 0.7764152109375
0 0.19033870625 0.1486694828125 0.2688377328125 0.14837745156249998 0.2687919546875 0.14706656406250002 0.2419081671875 0.04810329375 0.1675111828125 0.049458446875 0.19033870625 0.1486694828125
1 0.31622074375000003 0.047919823437499995 0.2426392859375 0.047770834375 0.2687946125 0.14834132656250001 0.33194639062500003 0.147837959375 0.34385009218749996 0.147422271875 0.34372696875000003 0.1438964921875 0.31622074375000003 0.047919823437499995
1 0.3166380875 0.047641375 0.3450848640625 0.147379153125 0.4219275015625 0.1446957484375 0.4218212015625 0.14165173749999999 0.3965803953125 0.050601653125 0.3166380875 0.047641375
1 0.8851770968749999 0.9696561156250001 0.8238266125000001 0.79323116875 0.7365633218750001 0.7957657921875 0.7916905375 0.9729207375 0.8851770968749999 0.9696561156250001
1 0.642624659375 0.80462926875 0.69625103125 0.9793804640625 0.7178544515625 0.9786260546875001 0.7886289171875001 0.9750238375 0.7885030078125 0.9714182546875 0.73274085625 0.7967457312499999 0.730587625 0.7968209234375 0.642624659375 0.80462926875
1 0.9825352046875 0.9761173859375001 0.9165776343750001 0.784586759375 0.82911666875 0.791298740625 0.8291255468750001 0.79155296875 0.8907148656249999 0.9799755203125 0.9175037546875 0.9794714093750001 0.9825729796875 0.9771991421875 0.9825352046875 0.9761173859375001
1 0.5972518874999999 0.9845286718749999 0.6602069625 0.9837660546875 0.6950174890625 0.9825504437499999 0.6382833359375 0.8035133218749999 0.5498428468750001 0.8035551203125 0.5972518874999999 0.9845286718749999
1 0.2970135953125 1 0.2969336921875 0.9977118859375 0.25304729843749996 0.813243234375 0.16361813593750002 0.81585349375 0.1979952828125 1 0.2970135953125 1
1 0.3744132765625 1 0.398608496875 0.999155084375 0.39856007656250003 0.9977685265625 0.3508989046875 0.8116433984375 0.333268525 0.8122590640625 0.25616639375 0.8152604562500001 0.256218165625 0.816743 0.300206259375 1 0.3744132765625 1
1 0.35239902968750003 0.8120914921875 0.39955285156250003 0.99912210625 0.49854757968749996 0.995665134375 0.49839585781249995 0.9913203968750001 0.44932684375000004 0.810561465625 0.35239902968750003 0.8120914921875
1 0.508727521875 1 0.598650253125 0.9968598296875 0.59858244375 0.9949180390624999 0.5460257421875 0.8041266374999999 0.4524879265625 0.809114825 0.5011209640625001 1 0.508727521875 1
1 0.1932596296875 1 0.16088687968749998 0.816458246875 0.0633683953125 0.8223305999999999 0.090159790625 1 0.1932596296875 1
1 0.617658515625 0.03663675625 0.650278584375 0.1429753640625 0.6861963875 0.1417210859375 0.721941515625 0.1398605546875 0.721798046875 0.135752134375 0.6871813359375001 0.0321132703125 0.617658515625 0.03663675625
1 0.3974381046875 0.050115849999999997 0.42216773906249994 0.1431239078125 0.47475235781249997 0.1412876125 0.495254871875 0.140260221875 0.49519986875 0.1386851203125 0.46584594062500007 0.0489564390625 0.3974381046875 0.050115849999999997
1 0.750827128125 0.033937071875 0.689200871875 0.033599040625 0.7236951421875 0.141899765625 0.7279873171875 0.1418251671875 0.7969717125 0.139416178125 0.7969319328125 0.1382770015625 0.750827128125 0.033937071875
1 0.6144715359374999 0.040095796875 0.5414420671875 0.046233568749999995 0.57358265 0.14237139375000002 0.6428307078125 0.141671996875 0.6469540281249999 0.14152800625 0.6467421265625 0.13545992499999998 0.6144715359374999 0.040095796875
1 0.5393024203125 0.0475274203125 0.46760569687500003 0.048539265625 0.49790546874999997 0.1424107890625 0.5344223218749999 0.14233079531249998 0.5718906546875 0.1410223734375 0.5718139921875001 0.13882704375 0.5393024203125 0.0475274203125
1 0.82460939375 0.0313759 0.87347111875 0.13674476093750002 0.943757240625 0.134290315625 0.9437302000000001 0.133515965625 0.8960740796875 0.03238810625 0.82460939375 0.0313759
1 0.8110384093749999 0.0326101953125 0.75636848125 0.035589631249999996 0.79787971875 0.144074828125 0.8039074625 0.14386433437499999 0.8704300375 0.138730665625 0.87033145625 0.13590767343750002 0.8316267906249999 0.055372159374999994 0.820048546875 0.032295553125 0.8110384093749999 0.0326101953125
1 0.944555034375 0.1350214328125 0.9848707031249999 0.13598150625 0.986028103125 0.1359410890625 0.98229766875 0.029115459375000003 0.8985692953125 0.0317730671875 0.944555034375 0.1350214328125