1 0.9729643937500001 0.289527353125 0.906008159375 0.2789463375 0.9247290390625 0.39317468125 0.95805568125 0.3987006921875 0.99321041875 0.4036413671875 0.9938415 0.39915099375 0.9729643937500001 0.289527353125
1 0.9218336671875 0.3950624796875 0.8982884890625 0.27866618125 0.8311872421875 0.2705480265625 0.8541498265625 0.3868805734375 0.9218336671875 0.3950624796875
0 0.5881453703124999 0.240028721875 0.5834701359375 0.2393716609375 0.601259515625 0.3559063171875 0.676887 0.364086184375 0.6772855828125001 0.361250115625 0.6597366140625 0.2520389046875 0.5881453703124999 0.240028721875
1 0.7396092984375 0.2616681796875 0.6641868640624999 0.2509649296875 0.6817746234375 0.3626359734375 0.7337792421875 0.373492115625 0.758699215625 0.376994390625 0.7590411390625 0.3745614796875 0.7396092984375 0.2616681796875
1 0.7441650421875 0.260990196875 0.7637313359375 0.38085731875 0.8433654609375001 0.392049165625 0.8435640421875 0.3906361921875 0.8223954734375001 0.2715576015625 0.7441650421875 0.260990196875
1 0.5228134796874999 0.348232703125 0.60060835 0.356712709375 0.6009605875 0.354206415625 0.5835101734375 0.240961678125 0.5083791671875 0.230402703125 0.5228134796874999 0.348232703125
1 0.42469175000000003 0.2210938703125 0.43839169062499994 0.33986738125 0.44779701093749996 0.3411892125 0.5195540046875 0.349639 0.519771175 0.34809375781249996 0.5064556078125 0.2301299328125 0.42469175000000003 0.2210938703125
0 0.188004284375 0.3236119921875 0.18223350625 0.18462248750000002 0.10186028750000001 0.1725463515625 0.10548761250000001 0.31201503124999996 0.188004284375 0.3236119921875
0 0.1828550203125 0.185614875 0.18268358125 0.1868347265625 0.1895236671875 0.3279293921875 0.2644459046875 0.339088728125 0.273141665625 0.3403108375 0.2737543046875 0.33595169375 0.268910853125 0.19920920312499998 0.1859846953125 0.186054721875 0.1828550203125 0.185614875
0 0.344872771875 0.2093783953125 0.3572226890625 0.35370551093749997 0.43539006249999995 0.36469121875 0.436086765625 0.3597339203125 0.4222331890625 0.21790944375 0.344872771875 0.2093783953125
0 0.274484578125 0.341485475 0.3552649765625 0.35100549375 0.3559016453125 0.3464753546875 0.342506003125 0.21036903593749998 0.2691263953125 0.198495375 0.274484578125 0.341485475
1 0.8477845374999999 0.39619245468750003 0.87191631875 0.550691575 0.9551218515625 0.56238535 0.95536358125 0.5606653625 0.9255994796874999 0.40552351406250003 0.8477845374999999 0.39619245468750003
1 1 0.4178060453125 0.929239675 0.40496433437499996 0.9576987796875001 0.569862584375 0.9800738421874999 0.57535925625 0.9924994500000001 0.5771055625 1 0.5237363796875 1 0.4178060453125
1 0.523967984375 0.35744213281250004 0.5388804796875 0.50704215 0.5543782140625 0.509220215625 0.6223709234375 0.5162206734375 0.622847265625 0.5128313234374999 0.6001497125 0.3673345546875 0.5808589109375 0.364623409375 0.523967984375 0.35744213281250004
1 0.84328838125 0.4035136046875 0.7612963421875001 0.3921959484375 0.76125449375 0.3924937109375 0.7902449375 0.542369121875 0.8023674921874999 0.5440728359375 0.8687744374999999 0.548065684375 0.8690346812499999 0.5462139484375 0.84328838125 0.4035136046875
1 0.6791126796875 0.380079809375 0.6030552890624999 0.36844884218749996 0.6227591015625 0.514351328125 0.7020915375000001 0.5315578249999999 0.7038078734375001 0.5317990390625 0.7046914625 0.525511971875 0.6791126796875 0.380079809375
0 0.6823771046875 0.382959475 0.70763253125 0.5323365609375 0.7873617421875 0.5435417703125001 0.7877488015624999 0.540787690625 0.7580747921875 0.392128746875 0.6823771046875 0.382959475
1 0.5199831984375 0.35676280781249997 0.441656015625 0.347658990625 0.442402734375 0.3691589046875 0.4554833828125 0.501632875 0.473039478125 0.5041002234375 0.5349659156250001 0.50942618125 0.5361194515625 0.501218346875 0.5199831984375 0.35676280781249997
1 0.0238611296875 0.296943384375 0.017852865625 0.44170577343749995 0.0835258 0.4509355015625 0.10416988593750001 0.45358602187499997 0.10487934531250001 0.448537959375 0.1057503828125 0.3108607953125 0.0238611296875 0.296943384375
0 0.108420428125 0.316824878125 0.1089855984375 0.45293578749999996 0.12836631406250001 0.4556595703125 0.194319309375 0.4633070390625 0.19488479218750002 0.4592834265625 0.1914889609375 0.3317823421875 0.108420428125 0.316824878125
1 0.35758581562499997 0.356317346875 0.27581374687500004 0.343752046875 0.2756615515625 0.34483496874999997 0.283381425 0.47586766718750007 0.36915748437499996 0.48792270625 0.3692995765625 0.4869116703125 0.35758581562499997 0.356317346875
0 0.274792784375 0.3427576625 0.1928528515625 0.33070732187499996 0.197393534375 0.4661622578125 0.228538896875 0.4713157640625 0.28207411250000003 0.478839646875 0.28213635937500003 0.4783967359375 0.274792784375 0.3427576625
1 0.369803025 0.4875965796875 0.4510498015625 0.5002609625 0.45188565625 0.49431354218749995 0.43753444375 0.36888934687499997 0.35893169999999996 0.358035309375 0.369803025 0.4875965796875
1 0.8440285078124999 0.664470303125 0.8655041328124999 0.8511608171875 0.9265150921875 0.8597353484375001 0.9476813203125 0.8623220500000001 0.9480628015624999 0.8596076671875 0.9152347828125 0.6778306 0.8440285078124999 0.664470303125
1 0.1987278921875 0.5752724890625001 0.110013875 0.5595531375 0.110907896875 0.74791326875 0.1436350625 0.7528644453125 0.20449187656249998 0.7614173140625 0.2050662515625 0.7573304281250001 0.1987278921875 0.5752724890625001
1 0.7667223937500001 0.6524047093750001 0.7848105265624999 0.8429757812500001 0.8033749453125001 0.8455848390625 0.8624050890625 0.8516075484375 0.8631454484375001 0.8463396171875001 0.8399988265625 0.6644340390625 0.7667223937500001 0.6524047093750001
1 0.2959880640625 0.5896965421875 0.30446432031250004 0.7770453796875 0.39613885781249997 0.7899293953125001 0.396617971875 0.7865203140625 0.3836406578125 0.5975645609375 0.2959880640625 0.5896965421875
0 0.0164685640625 0.5500247875000001 0.014134368750000001 0.736242165625 0.0305932515625 0.7385553109375 0.10890000625 0.74551321875 0.110140084375 0.7366896015625 0.1074143765625 0.5605189296875001 0.0164685640625 0.5500247875000001
1 0.7428590109375001 0.651032775 0.6595361078125 0.640327134375 0.680123209375 0.829732921875 0.6892695390625 0.8311262265625 0.7643947953125 0.8416843921874999 0.7652186046875 0.83582268125 0.7428590109375001 0.651032775
1 0.5600599500000001 0.6283578999999999 0.55076446875 0.6270515046875 0.4756386265625 0.617205046875 0.47560580625000004 0.617438575 0.48885115468749996 0.7763847109374999 0.490878421875 0.796434940625 0.57827998125 0.8139498062499999 0.583578871875 0.8146945156250001 0.5837813374999999 0.8132539031249999 0.5600599500000001 0.6283578999999999
1 0.3980040359375 0.7886136734375 0.429753815625 0.7930758140624999 0.48782582343750003 0.799937259375 0.4883013015625 0.796554059375 0.47294244062499996 0.6194335109375 0.39207614375 0.604749315625 0.3865248625 0.603969134375 0.3980040359375 0.7886136734375
0 0.20329160000000002 0.575745953125 0.20840493906250002 0.7651229703125 0.2434472921875 0.7700478515625 0.30312721875 0.7781200390625 0.3039805328125 0.772048396875 0.2936448078125 0.5948386890624999 0.20329160000000002 0.575745953125
0 0.5621924921875 0.6306419796875 0.5865208015625 0.8182636890625 0.6154315515625 0.8223268296875 0.6777647296875 0.8293758984374999 0.6783933296875 0.8249031703125 0.6570469265625001 0.6404356375 0.5621924921875 0.6306419796875
1 0.09810510624999999 0 0.0987187859375 0.07596325312499999 0.17514227031250001 0.0867038734375 0.17622411093749998 0.086844909375 0.176540578125 0.084593128125 0.1732291875 0 0.09810510624999999 0
1 0.17457463125 0 0.1780344546875 0.0871103421875 0.25513457968750003 0.097946059375 0.255714934375 0.09381662187499999 0.2502708859375 0 0.17457463125 0
1 0.93464336875 1 0.9543486812499999 0.8597894203124999 0.8642080703125 0.8529952906249999 0.8852618921875001 1 0.93464336875 1
0 0.2508721890625 0 0.2560510609375 0.1002348640625 0.33340822187499997 0.11357848125 0.3335907734375 0.1122795609375 0.3243002015625 0.01015144375 0.2598897859375 0 0.2508721890625 0
1 0.3975156625 0.0228750046875 0.32507794375 0.0099509921875 0.3333720296875 0.1135354171875 0.3956517984375 0.12400588906250001 0.40744684062500003 0.1256635734375 0.4079378328125 0.12216997656249999 0.3975156625 0.0228750046875
1 0.3979750171875 0.0226732578125 0.40867034062499996 0.125835525 0.4848115328125 0.136536471875 0.4852354359375 0.133520246875 0.47618877499999995 0.039470396875 0.3979750171875 0.0226732578125
1 0.793020984375 1 0.7679879015625 0.8450082296874999 0.6816102015625 0.8323512359375 0.70304230625 1 0.793020984375 1
1 0.700316996875 1 0.67767564375 0.8326525218749999 0.67554206875 0.8323526671874999 0.587559553125 0.8247677765624999 0.6092611015625 1 0.700316996875 1
1 0.8841824328125 1 0.8608309109375 0.85260119375 0.7735331515625 0.8440237671874999 0.7734977484375001 0.8442756749999999 0.7956631437499999 1 0.8841824328125 1
1 0.6070514890625 1 0.5834779671875 0.822914921875 0.496373828125 0.80759855625 0.5116368921875 0.9940552046875 0.54791588125 1 0.6070514890625 1
1 0.11388115000000001 0.752642871875 0.1158217515625 0.9461874874999999 0.21289738906250003 0.9598305796875 0.2135919640625 0.9548884296875 0.20240494843749998 0.7656014796874999 0.11388115000000001 0.752642871875
1 0.205126371875 0.7681296796875 0.20491991562499998 0.7695986921875 0.21657871874999998 0.96034795625 0.313471490625 0.9739653468749999 0.3136645796875 0.9725914453125 0.299047778125 0.7810177015625 0.2815783328125 0.77856253125 0.205126371875 0.7681296796875
1 0.3004473015625 0.78171948125 0.31440722499999996 0.9740968562500001 0.41249829687500006 0.9878826578125001 0.41310333593750004 0.9835775796874999 0.39616825 0.7970440375 0.3004473015625 0.78171948125
1 0.51071599375 1 0.4925154703125 0.80749855625 0.399532515625 0.7961682921875 0.41430018437499994 0.9928694625000001 0.4650365953125 1 0.51071599375 1
1 0.11108637187499999 0.7527641593750001 0.0140296890625 0.7416133921875 0.009282484375 0.9324777875000001 0.0519811171875 0.9403709828125001 0.1103410796875 0.948572940625 0.11109581875 0.9432026890625 0.11108637187499999 0.7527641593750001
1 0.6963332015625 0.064107471875 0.7099921921875 0.17449497187500002 0.7455821265625 0.1794968109375 0.7811072828125 0.183871621875 0.7816794140625001 0.1798007046875 0.765585309375 0.07172521875 0.6963332015625 0.064107471875
1 0.47711781249999996 0.0391409140625 0.48532106875 0.13503022656250002 0.5374256796875 0.1423530515625 0.55779511875 0.14490149375 0.5580144640625 0.143340771875 0.544687709375 0.049878014062499997 0.47711781249999996 0.0391409140625
1 0.827947478125 0.0845732890625 0.7673161625 0.07353910625 0.7824801625 0.18618436562500001 0.786720084375 0.1868562296875 0.85507476875 0.1964628546875 0.855233409375 0.195334075 0.827947478125 0.0845732890625
1 0.6925939828125001 0.06696055 0.6196081828125 0.060323640624999994 0.6345663203125 0.16058206875 0.7028837921875 0.1719180953125 0.706969475 0.1724923015625 0.707814503125 0.166479609375 0.6925939828125001 0.06696055
1 0.6172763671875 0.061226289062499994 0.546493171875 0.0497727578125 0.5600320046875 0.1474796609375 0.596007975 0.15374196874999999 0.6331342859375 0.15895973125 0.633440003125 0.1567844421875 0.6172763671875 0.061226289062499994
1 1 0.2138294546875 0.971256778125 0.1082697234375 0.9010535687499999 0.0948631828125 0.9308758640624999 0.20711600312499998 1 0.2168307671875 1 0.2138294546875
1 0.887474425 0.0937221484375 0.8331176828125001 0.0871629875 0.8551600140625 0.20120840156250003 0.861132734375 0.20204781249999998 0.9275361343749999 0.208543659375 0.927929259375 0.2057464359375 0.9037974484375001 0.11971344375 0.8964023140625 0.0949768828125 0.887474425 0.0937221484375
1 1 0.1118613875 0.973820884375 0.1080973171875 1 0.21303600937499997 1 0.1118613875