1 1 0.43515143749999996 0.9895085218749999 0.331549828125 0.923729271875 0.31517345625000004 0.9324232562500001 0.43059875937500003 0.9651414578124999 0.43900835000000005 0.9997318125 0.44699416249999996 1 0.445832515625 1 0.43515143749999996
1 0.9293743703124999 0.432227025 0.9160633953125 0.3142215515625 0.84992503125 0.30028602968749996 0.8626611859375 0.4181772171875 0.9293743703124999 0.432227025
0 0.6104679390625 0.24870036562500003 0.6058677640625 0.24763833124999998 0.613432784375 0.3652799859375 0.6880595609375 0.38002009531250003 0.68870380625 0.3772295578125 0.6807400015625 0.266904434375 0.6104679390625 0.24870036562500003
1 0.7594695 0.2834584296875 0.68526691875 0.2662224109375 0.6930549796875 0.3790013875 0.7439155296875 0.3943487203125 0.76843543125 0.40000958593749997 0.768988096875 0.39761573281249996 0.7594695 0.2834584296875
1 0.764066996875 0.2831800859375 0.7731117265624999 0.40429639375 0.8514673875 0.4223862234375 0.8517883609375 0.42099593437499994 0.8410787281250001 0.3005255109375 0.764066996875 0.2831800859375
1 0.5359540578125 0.35079854843749997 0.612713815625 0.36602655624999997 0.61328315 0.3635604984375 0.6057690703125 0.24922578906249998 0.5318442343750001 0.2321588953125 0.5359540578125 0.35079854843749997
1 0.44928659218749994 0.21559164687500001 0.45258260625 0.335107215625 0.46183693124999997 0.3372437453125 0.5325844203125001 0.3519154125 0.532935440625 0.350394978125 0.5299517687499999 0.2317195125 0.44928659218749994 0.21559164687500001
0 0.20456475 0.297090984375 0.210929665625 0.1581274203125 0.1319147953125 0.13909225 0.1233728203125 0.27834634999999996 0.20456475 0.297090984375
0 0.21146232031249998 0.1591701984375 0.2111852171875 0.16037046562499999 0.205702065625 0.30152437656250003 0.2793666 0.319171153125 0.2879227578125 0.321146496875 0.2889129890625 0.3168573359375 0.2960058625 0.18021305625 0.21454175156250002 0.1598811421875 0.21146232031249998 0.1591701984375
0 0.37079242031250004 0.19696407031250002 0.37051640468749997 0.34181834218749996 0.4474288609375 0.3595749828125 0.44855497031249997 0.35469726874999996 0.44711492656249996 0.212205059375 0.37079242031250004 0.19696407031250002
0 0.2891581828125 0.32243370625 0.36880146406250003 0.33895797499999997 0.3698305375 0.3345005640625 0.3683483171875 0.1977446625 0.2962827984375 0.1795207296875 0.2891581828125 0.32243370625
1 0.8555085359374999 0.42689889374999995 0.8660830031250001 0.5829133203125 0.947952734375 0.6018144375000001 0.94834345 0.6001220625 0.9322141140625 0.44297646406249996 0.8555085359374999 0.42689889374999995
1 1 0.46025879999999997 0.9358891921874999 0.4427366765625 0.9498681734375 0.6094878140625 0.971679025 0.6169136843749999 0.9839051484375 0.6197363078125 1 0.5500218484375 1 0.46025879999999997
1 0.5363015156250001 0.36007355625000004 0.5381187640625 0.510404009375 0.5533676937500001 0.5139245031249999 0.620491540625 0.5268242765625 0.621261471875 0.5234893421875 0.61133116875 0.376568009375 0.592350065625 0.3721858765625 0.5363015156250001 0.36007355625000004
1 0.8503914078125 0.43380031875 0.7696977734375 0.4153796515625 0.7696301328125 0.415672634375 0.78544775625 0.5675044078125 0.797375690625 0.5702581875 0.8631819390625 0.580023590625 0.8636025828125 0.5782015828125 0.8503914078125 0.43380031875
1 0.6888828359375 0.396146840625 0.614128571875 0.37793129531249997 0.621041165625 0.524995878125 0.6985720718749999 0.549051175 0.700260853125 0.5494410609375 0.7016890359375 0.543254928125 0.6888828359375 0.396146840625
1 0.6918838593750001 0.3993000625 0.7040241093749999 0.550309878125 0.782473328125 0.56842130625 0.7830989500000001 0.5657114421875 0.7664943390625 0.41503192968749997 0.6918838593750001 0.3993000625
1 0.5323911 0.35904952031250004 0.45515542656249997 0.34315368125 0.45402546250000003 0.3646368625 0.4555104671875 0.49774678281250007 0.47278471250000004 0.5017348562499999 0.5340113140625 0.5124377921875001 0.53587581875 0.504361728125 0.5323911 0.35904952031250004
1 0.04337053125 0.2562178390625 0.0247682578125 0.3999057078125 0.0893868640625 0.4148240890625 0.10972138437500001 0.41926377343750004 0.1108681109375 0.4142967546875 0.1237351890625 0.2772194078125 0.04337053125 0.2562178390625
0 0.1258752703125 0.28339350625000004 0.1145754421875 0.41903573125 0.133645015625 0.4234382890625 0.19868051874999998 0.4368048390625 0.1995945296875 0.4328458234375 0.2073240734375 0.3055339515625 0.1258752703125 0.28339350625000004
1 0.37065051250000003 0.3444518875 0.29028475 0.3248074984375 0.2900387515625 0.325873034375 0.2863089953125 0.45707994531249996 0.37070798437499997 0.47656498750000004 0.37093765312500004 0.47557018281249996 0.37065051250000003 0.3444518875
0 0.2893543375 0.3237279140625 0.20877646875 0.30458189375 0.201494196875 0.439917128125 0.23207188437499998 0.44776552187499996 0.2847476328125 0.45992667656249997 0.28484824531249997 0.459490875 0.2893543375 0.3237279140625
1 0.3713794921875 0.476296365625 0.45121332656249996 0.49599367812499995 0.452564353125 0.4901417390625 0.449199190625 0.3639440296875 0.3718415453125 0.346280615625 0.3713794921875 0.476296365625
1 0.82838484375 0.693828503125 0.8335075968749999 0.881680328125 0.893539071875 0.8955396859375 0.9143993109374999 0.899961303125 0.9150159140625 0.8972904968750001 0.8981557312499999 0.713343996875 0.82838484375 0.693828503125
1 0.19331389375000002 0.548728459375 0.10630749218749999 0.5253369890624999 0.0907814453125 0.7130582734375001 0.12295255000000001 0.7208429703125 0.1828323546875 0.7346673125 0.18376073906249998 0.7306460375 0.19331389375000002 0.548728459375
1 0.7524244890625 0.6750711515625001 0.753834428125 0.8664935281249999 0.7721008078125 0.870710653125 0.8303814109375001 0.8818552593750001 0.8315780828125 0.8766719015625 0.8243736578125 0.69344116875 0.7524244890625 0.6750711515625001
1 0.2889468234375 0.5715744078125 0.281062296875 0.75894908125 0.37126506875 0.77977403125 0.37203948124999997 0.7764196812499999 0.3755801296875 0.5870519125 0.2889468234375 0.5715744078125
0 0 0.6940607359375 0.011588021875 0.6967360421875 0.088990371875 0.71049235625 0.0909947609375 0.701810396875 0.1036337109375 0.5260725453124999 0.0139486 0.5076918859374999 0 0.6469922421875001 0 0.6940607359375
1 0.7287714859375 0.67162460625 0.6466987093750001 0.6536976359375 0.65069966875 0.8441769609374999 0.659689759375 0.8463621187499999 0.7336089359375 0.8634277046875001 0.73494049375 0.8576601 0.7287714859375 0.67162460625
1 0.3732378234375 0.778625878125 0.404477884375 0.7858382140625 0.4617308953125 0.7977348578125001 0.462499428125 0.7944059718750001 0.46263608749999996 0.616620809375 0.3833573234375 0.5949445296875 0.3778951625 0.5936834906249999 0.3732378234375 0.778625878125
0 0.1978189703125 0.549597875 0.18640755625 0.7386999125 0.22088733125 0.7466601953125 0.279636621875 0.7599031140625 0.281015865625 0.7539289484375 0.286164315625 0.576492759375 0.1978189703125 0.549597875
0 0.5505696328125 0.63556528125 0.5584530546875001 0.8245933843750001 0.5868996656250001 0.8311608015624999 0.6483812796875 0.843615740625 0.6493973125 0.8392148203125 0.64420954375 0.6535887796875001 0.5505696328125 0.63556528125
1 0.5481266406249999 0.6352401390625 0.46500224375 0.616862159375 0.46494919531249995 0.6170919390625 0.46429107187499996 0.7765876484375 0.46456313125 0.79673826875 0.555249328125 0.823311259375 0.555646653125 0.821590253125 0.5481266406249999 0.6352401390625
1 0.1405837265625 0 0.1372030203125 0.042602878125 0.2123995828125 0.059963371875000004 0.21346501406249999 0.0601981625 0.2139765328125 0.057982531250000004 0.216770059375 0 0.1405837265625 0
1 0.21813120000000003 0 0.2152453359375 0.0606203671875 0.2911076765625 0.07813456875 0.2920457265625 0.0740714265625 0.2942168515625 0 0.21813120000000003 0
1 0.8977179578125 1 0.9212620328125001 0.898019409375 0.8320565828125 0.8833948625 0.8384745718750001 1 0.8977179578125 1
0 0.29469163125 0 0.29182118749999997 0.080494540625 0.3677210078125 0.1005295015625 0.3680160734375 0.099251434375 0.367673296875 0 0.29469163125 0
1 0.3684288953125 0 0.3676887078125 0.100483446875 0.42881892187500004 0.11634211406249999 0.44042460156249996 0.11902149687500001 0.4412182140625 0.11558398750000001 0.43948982968749994 0.0157585109375 0.381151025 0 0.3684288953125 0
1 0.43996502031249995 0.0155975671875 0.4416284609375 0.1192994296875 0.5165472640625 0.1365957984375 0.517232434375 0.133627996875 0.5164171843750001 0.039147567187499996 0.43996502031249995 0.0155975671875
1 0.7466028484375 1 0.736898678125 0.8670520546875 0.6519528015625 0.8469149109374999 0.6580615625 1 0.7466028484375 1
1 0.6552418703125 1 0.6480069578125 0.8468721312499999 0.645907634375 0.8463874640625001 0.5589209859375 0.83116325625 0.5649933921875 1 0.6552418703125 1
1 0.8369330421875001 1 0.828726621875 0.8827079265625001 0.742508628125 0.8665546390625 0.7424514046875 0.8668025015625 0.749667259375 1 0.8369330421875001 1
1 0.5627312328125 1 0.55501641875 0.8289617171874999 0.4695786453125 0.806112009375 0.46853286250000004 0.9931893984375 0.49524028593749997 1 0.5627312328125 1
1 0.0933311703125 0.7180290140625 0.0783958640625 0.9110062687499999 0.17391302656250002 0.93305814375 0.17503569375 0.9281953359375 0.18038869375 0.7386536687499999 0.0933311703125 0.7180290140625
1 0.1828794125 0.7414094359375001 0.182545709375 0.7428548625 0.1775352546875 0.9338944015624999 0.2728724859375 0.955904734375 0.2731845828125 0.954552890625 0.27532015468750004 0.762434203125 0.2581311703125 0.7584658140625 0.1828794125 0.7414094359375001
1 0.2766531890625 0.763255290625 0.2737931984375 0.9561172984375 0.3703094921875 0.978399840625 0.371287440625 0.9741638781249999 0.37067426718749996 0.7868641625 0.2766531890625 0.763255290625
1 0.4671041265625 1 0.4657436875 0.8056761124999999 0.37410205625000004 0.7862849640625 0.3716698953125 0.9835247140625001 0.44303219374999997 1 0.4671041265625 1
1 0 0.895411 0.015305104687500001 0.8996478203124999 0.072728140625 0.912904971875 0.07394805625 0.9076209359374999 0.0905364578125 0.7179062593750001 0 0.6993976421875 0 0.895411
1 0.7335766328125 0.082877740625 0.7375627406249999 0.1940356421875 0.77258130625 0.202120315625 0.8075899890624999 0.20957469999999997 0.8085147453125 0.2055691375 0.801901284375 0.09650221875000001 0.7335766328125 0.082877740625
1 0.5173714015625 0.0389003078125 0.5171861390625 0.13513969374999998 0.5684542484375 0.14697587031249998 0.5885240640625 0.151289928125 0.5888786015624999 0.1497542609375 0.583748375 0.0554856546875 0.5173714015625 0.0389003078125
1 0.8629063625000001 0.11473661875 0.803467459375 0.0984600578125 0.808756075 0.211998296875 0.81292130625 0.21303713750000003 0.8801786078125 0.228564709375 0.8804350234375 0.227454053125 0.8629063625000001 0.11473661875
1 0.7296029796875 0.0853940671875 0.6574733578124999 0.07242128125 0.6636364765625 0.173601884375 0.7307059812500001 0.190849034375 0.7347260703125 0.1917771453125 0.7360919234375001 0.18586098281250002 0.7296029796875 0.0853940671875
1 0.65507174375 0.07311726406249999 0.5855561421875 0.055538154687499994 0.5905277359375 0.1540532421875 0.6258210125 0.16342723125 0.6623512875 0.171860909375 0.6628454296874999 0.1697205421875 0.65507174375 0.07311726406249999
1 1 0.1498122046875 0.9348374390625 0.1313589734375 0.9547627734375 0.245783821875 1 0.2562276578125 1 0.1498122046875
1 0.9214094156250001 0.1290387796875 0.8678311859375001 0.1177670765625 0.8798499265625 0.233299628125 0.885726759375 0.23465640156249998 0.951311325 0.2469149671875 0.9519467468749999 0.244162653125 0.9354050359375 0.156353815625 0.9301939750000001 0.13106685625 0.9214094156250001 0.1290387796875