1 0.980021665625 0.3061617875 0.9134754921875 0.293250478125 0.9281984546875 0.4080625859375 0.9613119421875 0.4147483140625 0.9962728375 0.4209128625 0.9970602453125 0.4164472484375 0.980021665625 0.3061617875
1 0.9252389640625 0.4098481875 0.9057703015625 0.2927010796875 0.83899325 0.2822460703125 0.8578818984375 0.39930913281249997 0.9252389640625 0.4098481875
0 0.597164540625 0.24326331875 0.5925150859375 0.24244349375000002 0.606226628125 0.35952800156250003 0.68152256875 0.370342246875 0.6820198859375 0.367521815625 0.6682930234375 0.2577646828125 0.597164540625 0.24326331875
1 0.747780996875 0.27017560937499996 0.6727780437499999 0.2568466734375 0.6864578265625 0.3690634953125 0.738051890625 0.381727959375 0.76283445625 0.38609779375 0.763261078125 0.3836782984375 0.747780996875 0.27017560937499996
1 0.7523576249999999 0.26965703125 0.767728696875 0.3901339890625 0.8469237218749999 0.40409820781250005 0.84717149375 0.40269302656250006 0.8301716046875001 0.2829482015625 0.7523576249999999 0.26965703125
1 0.528096184375 0.34912133437500004 0.6055477171875 0.3603111765625 0.6059872078125 0.3578187015625 0.592499609375 0.244033940625 0.5177828718749999 0.2308593640625 0.528096184375 0.34912133437500004
1 0.434471309375 0.218635553125 0.4440177671875 0.3378148296875 0.45337122812499997 0.33946409843750003 0.524789615625 0.3504130203125 0.52506058125 0.3488762984375 0.5158700046875 0.23051962656249997 0.434471309375 0.218635553125
0 0.194350196875 0.31283095 0.19343359843750002 0.1737247171875 0.113530790625 0.1588509515625 0.11228851875000001 0.2983612625 0.194350196875 0.31283095
0 0.1940200984375 0.174738190625 0.1938061921875 0.1759513140625 0.195717978125 0.3171987453125 0.2702051203125 0.33096603125 0.2788529328125 0.332490875 0.2796173296875 0.3281557671875 0.279549075 0.1913275421875 0.1971325171875 0.17528699375 0.1940200984375 0.174738190625
0 0.35510981875000003 0.204141571875 0.36241526875 0.3488117734375 0.4401516296875 0.362518790625 0.44102091562499995 0.3575888265625 0.43212537968750003 0.2153672625 0.35510981875000003 0.204141571875
0 0.2801540328125 0.3337116625 0.360552978125 0.346045078125 0.361347359375 0.3415399171875 0.35270991875 0.2050490109375 0.279789396875 0.1906216703125 0.2801540328125 0.3337116625
1 0.8511955078125 0.408393196875 0.869920646875 0.5636403859375 0.9526673875 0.57823086875 0.9529689953125 0.576520365625 0.928637396875 0.42043427343750006 0.8511955078125 0.408393196875
1 1 0.4347474828125 0.9322948906249999 0.4200024765625 0.95498179375 0.5857934828125 0.97715139375 0.592067684375 0.9895084875 0.5942465734375 1 0.53474625 1 0.4347474828125
1 0.52892858125 0.3583654453125 0.5386110265624999 0.5083947703125 0.5540233078125001 0.5111123703125 0.6217302859375 0.520481475 0.6223246234375 0.5171108156249999 0.6047186625000001 0.3709105453125 0.585534228125 0.3675278125 0.52892858125 0.3583654453125
1 0.8464465859375 0.41555297343750003 0.764899475 0.4013807296875 0.7648472609375 0.40167685156250005 0.7885894671875 0.5524727140625 0.800645178125 0.5545984609375 0.866872321875 0.560906446875 0.8671970328124999 0.559064921875 0.8464465859375 0.41555297343750003
1 0.6831887234375 0.386403803125 0.6075835796875 0.3721255578125 0.622183465625 0.518626815625 0.7008670765625 0.53859149375 0.7025739484375 0.5388924609375 0.703676415625 0.532640059375 0.6831887234375 0.386403803125
1 0.6863506609375001 0.3893956421875 0.7063775171875 0.5395631328125 0.785667103125 0.5535440265625 0.78615004375 0.5508051328125 0.7616822328125 0.4012011390625 0.6863506609375001 0.3893956421875
1 0.52496993125 0.35754746875 0.4470081828125 0.3457156171875 0.447004109375 0.36722849375 0.4554535140625 0.5000782734375 0.47291280625 0.5031568171874999 0.5346156453125 0.51064073125 0.536054928125 0.50247815625 0.52496993125 0.35754746875
1 0.031237753125 0.2804500734375 0.020181015625 0.4249145921875 0.08549183125000001 0.43643065 0.10603083906249999 0.4398000234375 0.106916040625 0.434779796875 0.1125914125 0.2972169 0.031237753125 0.2804500734375
0 0.1150516859375 0.3032705328125 0.11086631093749999 0.4393182515625 0.1301401625 0.4427167515625 0.19578608749999998 0.45266128906249997 0.196491646875 0.4486598640625 0.1975476078125 0.3211179359375 0.1150516859375 0.3032705328125
1 0.36268702343750003 0.351434690625 0.281403290625 0.3360232421875 0.2812133953125 0.3371001921875 0.28435558906249997 0.46832248906249996 0.36965868125 0.48336372499999997 0.369835971875 0.48235826406250004 0.36268702343750003 0.351434690625
0 0.280417653125 0.33499383125 0.1989481875 0.32009116875 0.19875879531250001 0.45562205625 0.22970532968750002 0.46185938125000003 0.282945353125 0.471247034375 0.28302301875 0.4708065640625 0.280417653125 0.33499383125
1 0.3703152109375 0.48306032656250003 0.4510705125 0.498552465625 0.4521134203125 0.49263783906249997 0.4421481921875 0.3667891984375 0.36397213125 0.353198578125 0.3703152109375 0.48306032656250003
1 0.8380790031249999 0.676376534375 0.853026140625 0.8637028093750001 0.9137006890625001 0.8744013687500001 0.9347637484375 0.8777251859374999 0.9352397281249999 0.8750257703125 0.908775634375 0.6922137562499999 0.8380790031249999 0.676376534375
1 0.196284446875 0.564712390625 0.10817306874999999 0.5459065390625 0.10249287343749999 0.734183128125 0.13502730937500002 0.7402734515625 0.195548559375 0.7509449796875 0.1962652140625 0.7468806296875 0.196284446875 0.564712390625
1 0.7612410671875 0.6616203453125 0.7726673453124999 0.85270659375 0.7911294 0.8559619515625 0.8499133953125 0.8640411140625 0.8508371515625001 0.8588022296875 0.83405304375 0.6761996578125 0.7612410671875 0.6616203453125
1 0.2929819796875 0.5825219875000001 0.29491469062500003 0.7700525140625001 0.3860837375 0.7861280765624999 0.3866815359375 0.78273779375 0.3803065875 0.5934442437499999 0.2929819796875 0.5825219875000001
0 0.0150172796875 0.533119309375 0.0061856125 0.7191417875 0.0225537421875 0.72202793125 0.10056996562500001 0.731714465625 0.10211722812499999 0.722939503125 0.10554144843749999 0.546781021875 0.0150172796875 0.533119309375
1 0.7374400999999999 0.6594164265625 0.6545415765625 0.64580938125 0.6685059703125 0.8358182671875 0.677598103125 0.8375299249999999 0.7523091203125001 0.85070349375 0.7533369984375 0.844874103125 0.7374400999999999 0.6594164265625
1 0.5555437359375001 0.63037576875 0.5462995109375 0.6287457625 0.4715630703125 0.6162834484374999 0.4715221203125 0.6165156890625 0.479212259375 0.77582725625 0.4805385484375 0.795936021875 0.5672756062500001 0.8164904875 0.572545278125 0.8174196734375 0.5727978968749999 0.8159870046875 0.5555437359375001 0.63037576875
1 0.387993696875 0.78487825 0.41956840937499995 0.7904457234375 0.47736557968750004 0.799329671875 0.47795884062500005 0.795965128125 0.46879075468750003 0.618416459375 0.388486190625 0.6009190171875 0.38296551874999996 0.5999455734375 0.387993696875 0.78487825
0 0.2008288515625 0.5653448359375 0.1993299125 0.75478494375 0.2341790421875 0.760929784375 0.2935409 0.7710798546875 0.29460559062499997 0.7650416921875001 0.29046069218750004 0.5875792234375 0.2008288515625 0.5653448359375
0 0.5575952671875 0.6327328828125001 0.5753608531250001 0.82108934375 0.604112190625 0.8261589796875001 0.6661613859375 0.83537915 0.6669457000000001 0.8309310859375 0.6520501249999999 0.645830946875 0.5575952671875 0.6327328828125001
1 0.115431471875 0 0.1137619046875 0.0622170515625 0.189763990625 0.0756182703125 0.19084025 0.075796978125 0.1912351109375 0.07355761250000001 0.1909248171875 0 0.115431471875 0
1 0.19227556562499998 0 0.19264022812499998 0.076125428125 0.2693152265625 0.08964530000000001 0.2700393421875 0.0855386328125 0.268066725 0 0.19227556562499998 0
1 0.919549815625 1 0.9415154343750001 0.8754267859375 0.8516668468749999 0.8654909343750001 0.8661614078125 1 0.919549815625 1
0 0.268613946875 0 0.2701512703125 0.0919646953125 0.34699562031250003 0.107999909375 0.3472233921875 0.10670815156249999 0.3415027015625 0.0043180109375 0.3191979875 0 0.268613946875 0
1 0.4142295140625 0.0195890046875 0.342286965625 0.0041448249999999996 0.3469609546875 0.107955609375 0.4088373703125 0.120593234375 0.4205673734375 0.12266155000000001 0.4211799921875 0.1191872171875 0.4142295140625 0.0195890046875
1 0.41469563125000003 0.0194034109375 0.421784128125 0.12287609687500001 0.4975054796875 0.1362278140625 0.49803438906249997 0.13322822031249998 0.49227553281249997 0.038919940624999996 0.41469563125000003 0.0194034109375
1 0.7741437765625 1 0.7557840359375 0.854150703125 0.6699006796875 0.83848688125 0.68484154375 1 0.7741437765625 1
1 0.682077234375 1 0.665958003125 0.83865066875 0.6638361921875 0.8382765375 0.5761719828125 0.827625721875 0.5914341421875 1 0.682077234375 1
1 0.8648892671875 1 0.8483054984375 0.8649792156249999 0.761360265625 0.8533603671875 0.7613160921875 0.8536108859375 0.77696294375 1 0.8648892671875 1
1 0.589201121875 1 0.5721575453125001 0.82563155 0.4856410015625 0.8072846234375 0.49438752499999994 0.9941603625000001 0.5235962125 1 0.589201121875 1
1 0.10529925312499999 0.739013615625 0.10048406406249999 0.9325080546875 0.1970244296875 0.9495307265624999 0.1978910578125 0.944615828125 0.193316878125 0.755053765625 0.10529925312499999 0.739013615625
1 0.195948409375 0.7576754015625 0.19569081093750001 0.7591363125 0.20068545937499999 0.9501762640625 0.297043965625 0.96716686875 0.2972848859375 0.96580054375 0.289362815625 0.77383338125 0.2719896984375 0.77077003125 0.195948409375 0.7576754015625
1 0.29073699531249997 0.7745835765625 0.2979745421875 0.9673309546875 0.3955247421875 0.9845316875 0.39627965781249996 0.980250346875 0.3858648140625 0.7932394109375001 0.29073699531249997 0.7745835765625
1 0.49325559375 1 0.4817884859375 0.8070500296875001 0.3892575921875 0.792481609375 0.3971514953125 0.9895783390625 0.4562556703125 1 0.49325559375 1
1 0 0.9163077968750001 0.0368853125 0.9244670875000001 0.094923478125 0.9347007812499999 0.09586517812499999 0.9293601421875 0.10250194531250001 0.7390372937499999 0.0058935421875 0.7245060875 0 0.8229864046875001 0 0.9163077968750001
1 0.71142603125 0.0712249359375 0.7212242328125 0.1820218828125 0.756617925 0.1882627453125 0.7919687625 0.1938747015625 0.7926826171875 0.18982623125 0.780370096875 0.08125490625000001 0.71142603125 0.0712249359375
1 0.4932155015625 0.03862308125 0.498067271875 0.13474026875 0.5498845796875 0.1438770578125 0.5701526703125 0.14713483125 0.57042635 0.1455827140625 0.5603695171874999 0.051711795312499996 0.4932155015625 0.03862308125
1 0.842245884375 0.09627155625 0.782036590625 0.08312809374999999 0.7932600921875 0.19623395 0.7974739828125 0.197053375 0.8654517609375001 0.20903969218750001 0.865649696875 0.20791713750000002 0.842245884375 0.09627155625
1 0.70758951875 0.073945778125 0.6348798046875 0.06476574375000001 0.6463298609375 0.1654851296875 0.7142100953125 0.179198496875 0.7182732484375001 0.179914940625 0.7193276015625 0.173935403125 0.70758951875 0.073945778125
1 0.6325179078125001 0.0655864640625 0.5621775546875 0.051669612499999996 0.5722982171875 0.14978949375 0.6080337203124999 0.1573035296875 0.6449553171875 0.163813803125 0.6453367640625001 0.1616505078125 0.6325179078125001 0.0655864640625
1 1 0.1902748640625 0.9846408906249999 0.1249549796875 0.9149483281249999 0.10910655 0.9408348906249999 0.2223317703125 1 0.23276417500000002 1 0.1902748640625
1 0.901417278125 0.1074923046875 0.847322559375 0.0990401171875 0.8653713359375 0.21378532187500002 0.8713111234375001 0.2148326671875 0.937447371875 0.22364200312500002 0.9379378781250001 0.220860203125 0.9168232765625 0.13403743125 0.910295940625 0.109057853125 0.901417278125 0.1074923046875