1 0.8661236499999999 0.1340115765625 0.7998227234375 0.148128315625 0.858235946875 0.2480606984375 0.8913293937500001 0.2412764734375 0.9259197484374999 0.2332906609375 0.9248997078125001 0.22887237656249998 0.8661236499999999 0.1340115765625
1 0.8562094109375 0.25086071875 0.792515390625 0.15063325 0.7269616937500001 0.16710123593749998 0.79008896875 0.2674779703125 0.8562094109375 0.25086071875
1 0.48912541718749997 0.225707428125 0.48452524218750004 0.2267694625 0.5428953437499999 0.32918879375 0.616431084375 0.30972289062499997 0.6157868390625 0.306932353125 0.560265665625 0.2112638921875 0.48912541718749997 0.225707428125
1 0.638284065625 0.191629784375 0.5640354546874999 0.20866642343750003 0.620474365625 0.306617434375 0.672915353125 0.298115728125 0.6974352546875 0.29245486249999997 0.696882590625 0.29006101093750003 0.638284065625 0.191629784375
1 0.6422942515625001 0.1893642 0.7035174953125 0.2942578671875 0.7818731546875 0.2761680375 0.78155218125 0.27477774843749997 0.7191156703125 0.17119444374999998 0.6422942515625001 0.1893642
1 0.4669096828125 0.3501374015625 0.5425764140625 0.33017498125 0.5420070796875 0.327708925 0.48513243125 0.2282395234375 0.4112075953125 0.2453064171875 0.4669096828125 0.3501374015625
1 0.329742675 0.266606759375 0.3850972890625 0.3725817640625 0.394351615625 0.3704452359375 0.4643706734375 0.35261838437500004 0.464019653125 0.35109795 0.40931404687499995 0.2457411046875 0.329742675 0.266606759375
0 0.1455150984375 0.44713687343749997 0.0903182296875 0.3194470546875 0.0109556640625 0.33697619687499997 0.06432316875 0.46588150781250004 0.1455150984375 0.44713687343749997
1 0.0912541015625 0.32015079687500003 0.0915312046875 0.3213510640625 0.14848078125 0.4506230140625 0.2224258640625 0.434191425 0.230982021875 0.4322160796875 0.22999179218750002 0.42792691875 0.176465915625 0.30200254375 0.0943335328125 0.3194398546875 0.0912541015625 0.32015079687500003
0 0.25102678749999996 0.284273984375 0.314278640625 0.41458914062499996 0.391191096875 0.3968325015625 0.3900649890625 0.3919547875 0.32630621249999997 0.2645149109375 0.25102678749999996 0.284273984375
0 0.232656690625 0.43283144062499995 0.311483359375 0.4127700390625 0.310454284375 0.408312628125 0.24917223281249998 0.28604700156249996 0.176411328125 0.3012588828125 0.232656690625 0.43283144062499995
1 0.787483540625 0.2784524765625 0.86538003125 0.41404177343750004 0.9472497625 0.39514065625 0.946859046875 0.39344828125000003 0.8634739984375001 0.25927738906250003 0.787483540625 0.2784524765625
1 0.9513667140625 0.24142644687499998 0.8666720218749999 0.2574508203125 0.9523351343750001 0.40119776875 0.9751938843750001 0.39831084843750003 0.987420009375 0.39548822499999997 0.9598353 0.27600572031250004 0.9513667140625 0.24142644687499998
1 0.47128787031249997 0.3583214078125 0.5388217359375 0.49264089687499996 0.5540706671875 0.489120403125 0.6200560687500001 0.4712894859375 0.6192861390625 0.46795454999999997 0.5459547687499999 0.340255690625 0.526973665625 0.3446378234375 0.47128787031249997 0.3583214078125
1 0.7859096812499999 0.2868986375 0.7053076328125 0.30571601249999997 0.7053752734375001 0.3060089953125 0.786150728125 0.4355405 0.7980786625 0.43278671874999997 0.861505796875 0.41271624375 0.8610851531250001 0.41089423593749996 0.7859096812499999 0.2868986375
1 0.6242405390625 0.32385661250000003 0.5490666828124999 0.34025470156250004 0.61974855 0.469405190625 0.6999780171875 0.4570386375 0.7016667984375 0.4566487515625 0.700238615625 0.45046261718749997 0.6242405390625 0.32385661250000003
0 0.6283201234375 0.3253751484375 0.7054300546875 0.4557799359375 0.783879271875 0.43766850625 0.78325365 0.4349586421875 0.7022759749999999 0.306807775 0.6283201234375 0.3253751484375
1 0.4673243046875 0.3591152234375 0.3909370640625 0.3786860296875 0.399339065625 0.39849032812499996 0.4590253265625 0.5174777500000001 0.4762995734375 0.513489675 0.536021534375 0.496269434375 0.5341570296875 0.488193371875 0.4673243046875 0.3591152234375
1 0 0.5323492390625 0.028986090625 0.6183637296875 0.0936046953125 0.60344535 0.1138274703125 0.59852164375 0.11268074374999999 0.593554625 0.0641548453125 0.46470976718749996 0 0.47759265937500006 0 0.5323492390625
0 0.0687848828125 0.46932085937499995 0.11809030312499999 0.5961888015625 0.1371598765625 0.59178624375 0.201472909375 0.5752903328125 0.20055889843750002 0.571331315625 0.1516963140625 0.45351575625 0.0687848828125 0.46932085937499995
0 0.315553646875 0.416897365625 0.23470984375 0.4344711375 0.23495584218749999 0.4355366734375 0.2891208828125 0.55509968125 0.3735198734375 0.5356146390625 0.3732902046875 0.534619834375 0.315553646875 0.416897365625
0 0.2334003375 0.43390867968749997 0.1525843640625 0.4520233625 0.20536616406250002 0.5768542046875 0.23628971718749997 0.5705039171874999 0.2889654640625 0.5583427624999999 0.28886485156249997 0.5579069624999999 0.2334003375 0.43390867968749997
0 0.3740056640625 0.5350788328125 0.4543945734375 0.5177858109375 0.45304354687500004 0.5119338734375 0.3946975234375 0.39998331249999997 0.3174258 0.41801890156250004 0.3740056640625 0.5350788328125
1 1 0.5973703 0.9513838531250001 0.5172123296875 0.8801191656249999 0.5302574640625 0.9670722859374999 0.6968518984375 1 0.6892499375 1 0.5973703
1 0.2457135046875 0.6782391890625 0.157258521875 0.695356171875 0.2255953984375 0.8708851140625 0.25792318281250004 0.8637790687500001 0.3178029875 0.8499547265625 0.316874603125 0.845933453125 0.2457135046875 0.6782391890625
1 0.8036237703125 0.5466972953125 0.8888050609375 0.7181285109375 0.907071440625 0.7139113859374999 0.9643391734375 0.69837955625 0.9631425 0.6931961984375 0.8763441390625 0.53166771875 0.8036237703125 0.5466972953125
1 0.34168281562499997 0.656850275 0.4167359015625 0.8287178640624999 0.5069386734375 0.8078929140625 0.5061642609375 0.8045385625 0.4263332078125 0.6327838234375001 0.34168281562499997 0.656850275
0 0.066511796875 0.7199843312499999 0.1310669765625 0.8946697328125 0.1472616265625 0.890930903125 0.22286076875 0.8693640390624999 0.22085638125 0.8606820781250001 0.15517779062499998 0.6971893921875 0.066511796875 0.7199843312499999
1 0.7808537249999999 0.55396835625 0.6992285359375 0.5738340375 0.7863252140625 0.7432818171875 0.7953633640625 0.7413048265625 0.869282540625 0.724239240625 0.867950984375 0.718471634375 0.7808537249999999 0.55396835625
1 0.5082084546875001 0.8059961609374999 0.5394485171875 0.798783825 0.596122328125 0.7843783890625 0.59535379375 0.781049503125 0.517540734375 0.62119735 0.4367831984375 0.6364683609374999 0.43132103749999995 0.6377294 0.5082084546875001 0.8059961609374999
0 0.25014376718750003 0.6770457203125 0.32278413281249996 0.8520119390625001 0.3572639078125 0.8440516562499999 0.4158727328125 0.83020031875 0.41449348906249994 0.8242261531249999 0.341337978125 0.6624906296875 0.25014376718750003 0.6770457203125
1 0.6048795921875 0.599677 0.6948296328125 0.7661184671875 0.7232762421875 0.75955105 0.7839954359375 0.743793709375 0.7829794046874999 0.7393927890625 0.69694356875 0.574827378125 0.6048795921875 0.599677
0 0.6025413140625 0.6004557015625 0.5197732234375 0.62037701875 0.519826271875 0.6206067984375 0.589153071875 0.7642490953125 0.5982310484375 0.7822410890625 0.6913880953125 0.7663705249999999 0.69099076875 0.7646495171875001 0.6025413140625 0.6004557015625
1 0 0.24179525625 0.048607096875 0.2305734234375 0.049667625 0.230317396875 0.04915610625 0.228101765625 0.0108847 0.13898703750000002 0 0.141544078125 0 0.24179525625
1 0.0122736140625 0.13883153125 0.0514528484375 0.22991642968749998 0.12731519062500002 0.21240222812499998 0.126377140625 0.20833908750000002 0.08715956875 0.121566890625 0.0122736140625 0.13883153125
0 0.1289910328125 0.214210575 0.2059920890625 0.1989455875 0.20569702343750002 0.19766752031249998 0.160424084375 0.1056521515625 0.0876525578125 0.121178021875 0.1289910328125 0.214210575
1 0.23333632187500003 0.0912925453125 0.16107833437500002 0.105186296875 0.20594286875 0.19891835468750002 0.2678383234375 0.1863743078125 0.2794440046875 0.183694925 0.2786503921875 0.180257415625 0.23333632187500003 0.0912925453125
1 0.2336928671875 0.09093957968750001 0.2806478625 0.18341699218750002 0.355566665625 0.1661206234375 0.35488149375 0.163152821875 0.3127312578125 0.07859175625 0.2336928671875 0.09093957968750001
1 0.9677149203125 0.8875319546875 0.8738281515624999 0.72605465625 0.7886517609375 0.7451933328125 0.876568890625 0.9085746734375 0.9677149203125 0.8875319546875
1 0.6981302484375 0.7718183015625 0.7841154515625 0.93312643125 0.8051780093750001 0.9282637578124999 0.8739648125 0.91122331875 0.8731532390625001 0.9077080046875 0.78508650625 0.7468846265625 0.7829871828125 0.74736929375 0.6981302484375 0.7718183015625
1 1 0.763560703125 0.9632256437500001 0.6998713390625 0.8786522890624999 0.723148340625 0.8787095125000001 0.7233962046875 0.9751199796875 0.8966051078125 1 0.8912812593749999 1 0.763560703125
1 0.687917525 0.9570699796875 0.7495704234375 0.9443089796875 0.783509434375 0.9364735421875 0.6936557546875 0.771551221875 0.606848140625 0.7884674953124999 0.687917525 0.9570699796875
1 0.38325231406250004 1 0.3173541421875 0.8546088718749999 0.23006610625 0.8742350609375 0.27979514375000003 1 0.38325231406250004 1
1 0.49162022031249997 1 0.4131026765625 0.8343674609375 0.395913690625 0.8383358515625 0.3208008359375 0.855993878125 0.3211345390625 0.8574393062500001 0.3860960671875 1 0.49162022031249997 1
1 0.5361299359375 1 0.5931516296875 0.9868355046874999 0.59217368125 0.9825995421875 0.5095157734375 0.8145244703125 0.4146607390625 0.8345210859375 0.49235434375000003 1 0.5361299359375 1
1 0.6912060203125 0.967014584375 0.6032102171875 0.7897568484375 0.5123427453125 0.812501246875 0.5966209484375 0.9908453500000001 0.6916430953125 0.968907759375 0.6912060203125 0.967014584375
1 0.2753562265625 1 0.2275004234375 0.8753498515624999 0.132894125 0.8997217171875 0.168552765625 1 0.2753562265625 1
1 0.5270829234375001 0.022699740625 0.57939403125 0.12086040625000001 0.6144125953125 0.1127757328125 0.649145978125 0.10412889375 0.648221221875 0.10012333124999999 0.594465290625 0.004993784375 0.5270829234375001 0.022699740625
1 0.31348051250000003 0.0779512203125 0.35550256875 0.16453182187499998 0.406770678125 0.15269564687499998 0.4267004671875 0.1477750671875 0.42634593125000003 0.1462394 0.380410278125 0.0637602828125 0.31348051250000003 0.0779512203125
1 0.6288833484375 0 0.5967312203125 0.0060669124999999996 0.6512564859375 0.10579602968749999 0.6554555671875 0.1049038171875 0.7227128703125001 0.0893762453125 0.7224564546875001 0.08826558749999999 0.6610205515625001 0 0.6288833484375 0
1 0.5246145125 0.026703334375 0.45409794375 0.0466630171875 0.503991975 0.13490180624999998 0.5718342984375 0.12100210781250001 0.5758543875 0.120073996875 0.574488534375 0.114157834375 0.5246145125 0.026703334375
1 0.4522444859375 0.0483413609375 0.38205810156250003 0.0630149953125 0.42971271250000004 0.14938036562499998 0.4655433859375 0.1423340984375 0.5020736609374999 0.13390041875 0.5015795187500001 0.131760053125 0.4522444859375 0.0483413609375
1 0.745105940625 0 0.7972970359375 0.0721571328125 0.8658234734375 0.056336559375 0.8656491765625001 0.055581595312499996 0.8249219374999999 0 0.745105940625 0
1 0.666033915625 0 0.7244931046875001 0.0937760453125 0.7303699375 0.092419271875 0.79469075625 0.0746868171875 0.7940553343750001 0.0719345015625 0.7406948812499999 0.0002638515625 0.7404913625 0 0.666033915625 0
1 0.8268915078125 0 0.8667461125000001 0.056902018750000005 0.906504259375 0.050151859374999996 0.9076326828125 0.0498913421875 0.8961143593750001 0 0.8268915078125 0