1 0.9134963031250001 0.1885279140625 0.8458759421875 0.1932799640625 0.8898127921875 0.3003693625 0.9235283578125 0.298256878125 0.9588934921875 0.2951628296875 0.958498284375 0.29064558125 0.9134963031250001 0.1885279140625
1 0.8874162921875 0.30286009375 0.8382911046875 0.1947435359375 0.7710834703125 0.20192794531249997 0.8196266546875 0.310113440625 0.8874162921875 0.30286009375
0 0.527405396875 0.22686337499999998 0.5227021828125 0.227274853125 0.5662502140625 0.33682099375 0.6417794406249999 0.3277787296875 0.64152983125 0.3249256875 0.5998634640625 0.22246121093750001 0.527405396875 0.22686337499999998
1 0.679855134375 0.21387624375 0.6039580625000001 0.2204136734375 0.64621556875 0.3252662125 0.6993294125 0.3241456171875 0.7243985296875 0.3219523546875 0.724184403125 0.3195048828125 0.679855134375 0.21387624375
1 0.6841416 0.21219081874999998 0.730170646875 0.324584296875 0.8102813734375 0.317575515625 0.8101570140625001 0.3161540859375 0.762744140625 0.20488936406249997 0.6841416 0.21219081874999998
1 0.48808855781249993 0.34699057187500004 0.5657971374999999 0.3377531984375 0.565576553125 0.33523190468749997 0.5230988703125 0.22881511250000003 0.4475182140625 0.23542756250000002 0.48808855781249993 0.34699057187500004
1 0.3638816671875 0.2451828875 0.40394870625 0.3578304234375 0.4134103171875 0.357002640625 0.48522897187499997 0.34909404843749997 0.485092971875 0.3475395578125 0.4455825953125 0.2355944890625 0.3638816671875 0.2451828875
0 0.1563220453125 0.398316571875 0.1194333375 0.26418750156250004 0.0384035390625 0.270500915625 0.073311521875 0.40557905156249996 0.1563220453125 0.398316571875
0 0.120262159375 0.26501464375 0.12036952187500001 0.2662417953125 0.158773690625 0.402181528125 0.2342859796875 0.396201015625 0.24303378593749997 0.39543568281249997 0.24265012656249998 0.39105044843750003 0.20717044687500002 0.2589021984375 0.123410565625 0.26473919375 0.120262159375 0.26501464375
0 0.28347303749999997 0.25172304218749997 0.32797296249999996 0.38957293593750003 0.406608159375 0.38269324843749997 0.40617185625 0.37770627968750004 0.360769778125 0.24263313281249999 0.28347303749999997 0.25172304218749997
0 0.2446065140625 0.3962781234375 0.3254580546875 0.38738250937499996 0.325059346875 0.3828252578125 0.2813897734375 0.2532207 0.20721988750000003 0.2581581796875 0.2446065140625 0.3962781234375
1 0.8155192265625001 0.3206185375 0.87378725 0.465729384375 0.9574907578125 0.4584062765625 0.9573393781249999 0.45667599531249997 0.8934388078125 0.3122058890625 0.8155192265625001 0.3206185375
1 0.982960528125 0.3067609734375 0.8968599171875 0.310842175 0.9616836515625 0.46511218750000005 0.984721725 0.4654346859375 0.9972216984375001 0.46434108125 0.9865341921875 0.34218232187500003 0.982960528125 0.3067609734375
1 0.49128514375 0.3557042578125 0.5394681140625 0.49811545625000003 0.5550586015625 0.49675146562499994 0.6228834234375 0.4882774703125 0.62258511875 0.48486783593749994 0.56773965 0.348205978125 0.5483333953125 0.34990380625 0.49128514375 0.3557042578125
1 0.8127852046875 0.3287634609375 0.7303486984374999 0.3361800703125 0.73037490625 0.336479615625 0.7923369578125 0.47599229843749996 0.8045320625000001 0.474925365625 0.8701351984375 0.463877565625 0.8699722234375 0.462014746875 0.8127852046875 0.3287634609375
1 0.6475458609375 0.34286176875 0.5708214171875 0.3486380953125 0.6228411406250001 0.486368715625 0.7040109109375 0.48528829531250006 0.70573751875 0.4851372359375 0.7051841796875 0.478812540625 0.6475458609375 0.34286176875
1 0.651374403125 0.3449332953125 0.7095850671874999 0.48480062031250004 0.7897914453125 0.4777834703125 0.789549053125 0.4750129078125 0.7271946 0.33683928281250003 0.651374403125 0.3449332953125
1 0.4872496734375 0.3559387265625 0.4088820984375 0.364688021875 0.41444610624999995 0.38546891875 0.45699165781250006 0.511605084375 0.4746528234375 0.5100599328125 0.5361901703124999 0.5013189687499999 0.5354677796875 0.4930620125 0.4872496734375 0.3559387265625
1 0 0.4605081796875 0.017096917187499998 0.55165935625 0.083162896875 0.5458793328125 0.1038741125 0.543818009375 0.10342982187500001 0.5387397359375 0.0733079109375 0.4043952875 0 0.408692178125 0 0.4605081796875
0 0.07725115 0.40960588124999997 0.10842012812499999 0.5421011421874999 0.1279168359375 0.5403954015625 0.193899765625 0.533010671875 0.1935456390625 0.528962978125 0.1615553390625 0.40549363281249995 0.07725115 0.40960588124999997
1 0.3289143171875 0.39203614375 0.246411484375 0.39818760625 0.24650679531250003 0.399277009375 0.2835047515625 0.5252147546875 0.36979416875000004 0.5176654078125 0.3697051859375 0.516648321875 0.3289143171875 0.39203614375
0 0.245193 0.3974483734375 0.162642446875 0.40413935624999997 0.1975374828125 0.535101159375 0.22904387812500002 0.5331164 0.2828994953125 0.52840464375 0.2828605125 0.52795908125 0.245193 0.3974483734375
1 0.370349803125 0.5172024265624999 0.4523630953125 0.511265671875 0.45183965 0.5052826578125 0.40964195156249994 0.386301396875 0.3306121640625 0.3934073171875 0.370349803125 0.5172024265624999
1 1 0.7089035140625 0.9445955234375001 0.5798653109374999 0.872208846875 0.5828653640625 0.93513028125 0.7599400468749999 0.996506384375 0.754570334375 1 0.7542011375000001 1 0.7089035140625
1 0.223382103125 0.6411147374999999 0.133405734375 0.645754584375 0.1766486546875 0.829085946875 0.20965079687500002 0.826548215625 0.27087183125 0.82119206875 0.2705121359375 0.8170807234374999 0.223382103125 0.6411147374999999
1 0.7941699171875001 0.588499103125 0.854663615625 0.77011690625 0.8733391390625 0.7684830093749999 0.9322111578125 0.7610724624999999 0.9317475156249999 0.7557730046875 0.8682742890625 0.5837365109375 0.7941699171875001 0.588499103125
1 0.321394209375 0.633290325 0.3717975375 0.8139306812499999 0.464020734375 0.8058621968749999 0.46372069375 0.8024327124999999 0.40857019218749996 0.62123914375 0.321394209375 0.633290325
0 0.040114571875 0.6575135609375 0.079729996875 0.83948328125 0.0962873859375 0.8380346968750001 0.17415233125000001 0.8271990875 0.17337574375 0.8183226625 0.13109011718750002 0.6472803828125 0.040114571875 0.6575135609375
1 0.7706095328125 0.5925304234375 0.6870139453124999 0.60084274375 0.7496804312500001 0.7807629828125 0.7589057671874999 0.7800631 0.8344806390624999 0.7734511562499999 0.8339647359375 0.7675543640625 0.7706095328125 0.5925304234375
1 0.5873948625 0.6115575453125001 0.5780437484375 0.6123756625000001 0.50262840625 0.6196812046875 0.502648959375 0.61991613125 0.5513099312499999 0.7718089328125 0.5577955593749999 0.790889240625 0.6468970109375001 0.788294128125 0.6522276140625001 0.7878277609375 0.6521008234375001 0.7863785265625001 0.5873948625 0.6115575453125001
1 0.46554213593749993 0.8041606234374999 0.497481934375 0.8013662531250001 0.5556090499999999 0.7949884796875 0.5553112859375 0.7915850328125 0.50050261875 0.6224590640625001 0.41840569531250005 0.6263421828125 0.4128211890625 0.6268307640625 0.46554213593749993 0.8041606234374999
0 0.22793535 0.64054945625 0.27551819375000003 0.8239225015624999 0.31077027031250004 0.82083834375 0.3707364515625 0.8152785796875 0.3702020734375 0.8091706000000001 0.3202677421875 0.638827796875 0.22793535 0.64054945625
0 0.5899865546874999 0.6133033671875 0.65589703125 0.790643665625 0.684980809375 0.7880991640625 0.7473020859374999 0.7809456515625001 0.74690843125 0.77644615625 0.68461296875 0.6015084093749999 0.5899865546874999 0.6133033671875
1 0 0.12022245937500001 0.013616084375 0.17709991875 0.090496953125 0.1703737140625 0.0915827921875 0.1702677765625 0.09138460781249999 0.16800251718749998 0.06588803125 0.074428696875 0 0.0804484515625 0 0.12022245937500001
1 0.06728506875 0.0744680046875 0.09340644687500001 0.1701191671875 0.1709680078125 0.16333340937500002 0.17060456562499998 0.159179259375 0.14384501249999998 0.0677934921875 0.06728506875 0.0744680046875
1 1 0.7519746828125 0.9342801046875 0.7620190546875001 1 0.93189106875 1 0.7519746828125
0 0.1723758671875 0.1653573890625 0.2507520296875 0.1609574359375 0.25063770937499996 0.159650740625 0.21861142656250002 0.06223008437500001 0.144387325 0.06747701874999999 0.1723758671875 0.1653573890625
1 0.2928125578125 0.058157646875 0.21932414374999998 0.06185981875 0.250707078125 0.16092361718749998 0.313745965625 0.15711583125 0.3256115984375 0.156077721875 0.32530411875 0.15256321718750002 0.2928125578125 0.058157646875
1 0.2932147578125 0.05785773749999999 0.326842421875 0.1559700390625 0.40343930937500005 0.1492686796875 0.40317384375 0.146234403125 0.3732024359375 0.0566301015625 0.2932147578125 0.05785773749999999
1 0.9092291265625001 0.9488538562500001 0.838729353125 0.77588153125 0.7517183046875 0.7829796875 0.8160415453125 0.9570067124999999 0.9092291265625001 0.9488538562500001
1 0.6583722625 0.7967473859374999 0.7210709109375 0.9684525031250001 0.7426052421875 0.96656849375 0.8130941890625 0.9592671640624999 0.81277975 0.9556731109375001 0.7479523640625 0.7841583359375 0.74580601875 0.7843461171875 0.6583722625 0.7967473859374999
1 1 0.933402109375 0.9309008484374999 0.7623947546875 0.8439110234375 0.773674890625 0.8439331937500001 0.7739283046875001 0.9152993828125 0.95886929375 0.942025175 0.956963853125 1 0.9518917124999999 1 0.933402109375
1 0.622476878125 0.978774871875 0.6853057625 0.9747184859375 0.7200049625 0.9716826984375 0.653978484375 0.7958601765625 0.5656613859374999 0.8005305359375001 0.622476878125 0.978774871875
1 0.3210090734375 1 0.2697796234375 0.8257384515625 0.18060963125 0.8330254937499999 0.22092625312499997 1 0.3210090734375 1
1 0.4240013375 1 0.3674133984375 0.8190196500000001 0.34983940156250004 0.820557175 0.2730000171875 0.8275896671874999 0.2731293078125 0.8290674703124999 0.32375413750000004 1 0.4240013375 1
1 0.46804744062500003 1 0.524490678125 0.9950618562500001 0.524111778125 0.9907310140625001 0.4656498203125 0.8127878796875001 0.36893491875 0.8193886203125 0.42467223125000003 1 0.46804744062500003 1
1 0.6243493499999999 0.989080365625 0.5618794234375 0.8013010406250001 0.46873085937500003 0.811177784375 0.5273681703124999 0.9995155140625 0.624518690625 0.9910159453125 0.6243493499999999 0.989080365625
1 0.2162991265625 1 0.17791376718750002 0.8337723609375001 0.0808362640625 0.8447403906250001 0.1126365296875 1 0.2162991265625 1
1 0.5932467109374999 0.0311140078125 0.63138740625 0.1355996796875 0.6671903421875001 0.132467328125 0.702789109375 0.1287385921875 0.70243081875 0.12464330937500001 0.6624375109375 0.022958178125 0.5932467109374999 0.0311140078125
1 0.37403354375000003 0.056100075000000006 0.4035969546875 0.1476864203125 0.45601340312499994 0.143100575 0.47643405000000005 0.1410015734375 0.4762966875 0.13943150937499998 0.4422869515625 0.051362064062500004 0.37403354375000003 0.056100075000000006
1 0.726091528125 0.0214485171875 0.6645320390625 0.02433621875 0.7046470578124999 0.13068322968749999 0.7089294453125 0.1303840984375 0.7776932249999999 0.1243680484375 0.777593878125 0.12323251406249999 0.726091528125 0.0214485171875
1 0.5902451296875 0.034735103125 0.517636971875 0.0446865296875 0.5547649734375 0.1390104921875 0.6238815234375 0.134687890625 0.6279916578125 0.1343283 0.6274624671875 0.128279625 0.5902451296875 0.034735103125
1 0.5155679734375 0.0460905890625 0.4440224625 0.050853364062499996 0.479193565625 0.143010471875 0.5156561875000001 0.14101944375 0.5530046937499999 0.1377518734375 0.5528132421875 0.1355635640625 0.5155679734375 0.0460905890625
1 0.7996386375 0.015029390625 0.8539479796875 0.117696621875 0.9240093203124999 0.11156704843750001 0.923941790625 0.110795175 0.8710583578125 0.0123000359375 0.7996386375 0.015029390625
1 0.7861508484375 0.016972243749999998 0.7317117765625001 0.0228088 0.7788438 0.128972790625 0.7848522671875 0.12844711874999998 0.851015 0.11983896249999999 0.8507688109375 0.1170249984375 0.807902284375 0.0386255015625 0.795132171875 0.016186479687499998 0.7861508484375 0.016972243749999998
1 0.9248442859375 0.1122554109375 0.9651549484374999 0.11110420937500001 0.9663086468750001 0.11100327343750001 0.9569925046875 0.004519279687500001 0.8735179656250001 0.01155525 0.9248442859375 0.1122554109375