1 0.8786734296875001 0.14701205781249999 0.8119202234375 0.158806328125 0.8668102734375 0.260716428125 0.9001203265625 0.2550912796875 0.9349683109375 0.2483175171875 0.9341030874999999 0.24386632656249999 0.8786734296875001 0.14701205781249999
1 0.864687253125 0.2634440171875 0.8045299218749999 0.1610547140625 0.738441434375 0.17522487656250002 0.79802715625 0.277743575 0.864687253125 0.2634440171875
1 0.498704715625 0.2254950015625 0.49407027656249997 0.22639584531249998 0.5488304390625001 0.3307898734375 0.6230007343749999 0.3139021890625 0.6224542671875 0.3110908671875 0.5703056984375 0.21354302343749998 0.498704715625 0.2254950015625
1 0.6489617921875 0.19664367968750002 0.574163840625 0.2110787 0.62714993125 0.3109397328125 0.6798556765625 0.30427336875 0.7045582046875001 0.299471684375 0.7040894203125 0.297060003125 0.6489617921875 0.19664367968750002
1 0.6530486015625 0.194519428125 0.7105738140625 0.30148585781250004 0.78951306875 0.28614162187500003 0.7892408109375 0.284740978125 0.7304573390625 0.17904176875 0.6530486015625 0.194519428125
1 0.47215996875000005 0.349073859375 0.548477284375 0.3317643296875 0.5479943625 0.3292799046875 0.49462579218749997 0.2278862015625 0.4201503640625 0.24236275937500001 0.47215996875000005 0.349073859375
1 0.33799169687499997 0.2608070421875 0.3896141171875 0.3686493375 0.3989373703125 0.36683708125000003 0.46953592187500004 0.3514647203125 0.469238178125 0.34993296093750004 0.418242796875 0.242731096875 0.33799169687499997 0.2608070421875
0 0.1475759375 0.4347977328125 0.09686900312499999 0.3052593546875 0.016943025 0.32000810468749996 0.0657792890625 0.4506973890625 0.1475759375 0.4347977328125
1 0.0977797453125 0.30599533125 0.098014790625 0.3072045375 0.15041815 0.43838524999999995 0.22489164062500003 0.42454431562500006 0.233511525 0.4228687796875 0.2326715875 0.41854767343750005 0.183573015625 0.29083198125 0.10088211250000001 0.30539229218749997 0.0977797453125 0.30599533125
0 0.2587071859375 0.275716359375 0.3173725734375 0.40815958906249994 0.39485787499999997 0.393097971875 0.39390268125 0.3881839296875 0.3346303328125 0.2585965359375 0.2587071859375 0.275716359375
0 0.23516369843749999 0.42354221093750005 0.3146424796875 0.40624404218750004 0.31376959375 0.40175343124999996 0.25679188124999996 0.2774235734375 0.1835444140625 0.29008686875 0.23516369843749999 0.42354221093750005
1 0.795040309375 0.2886204671875 0.86815735 0.426845715625 0.9506368484375001 0.410813325 0.9503054343749999 0.409108346875 0.8716536781249999 0.272109090625 0.795040309375 0.2886204671875
0 0.9601158406250001 0.257336434375 0.8749135000000001 0.27039524375 0.95550773125 0.417044225 0.978453309375 0.414956821875 0.99077049375 0.41256260312500004 0.9673724671875 0.2921901921875 0.9601158406250001 0.257336434375
1 0.47624987343749997 0.357405675 0.539054915625 0.49400023906249996 0.5544174203125001 0.4910140703125 0.620984915625 0.475496871875 0.6203318421875 0.47213709843749996 0.5515017703125 0.3419568 0.5323792953125001 0.3456738328125 0.47624987343749997 0.357405675
1 0.79317264375 0.29700655625 0.7119629796875 0.3129994984375 0.712020353125 0.31329466250000004 0.7882260171875 0.4455662828125 0.8002427921875 0.4432304578125 0.8643317375 0.4253857859375 0.8639749359375 0.42355020625 0.79317264375 0.29700655625
1 0.6303121703125 0.32829984687499997 0.5546118234375 0.34206441718749997 0.620743346875 0.47360299218749996 0.701355525 0.464043940625 0.703056884375 0.46371322968750006 0.701845465625 0.45748102187499995 0.6303121703125 0.32829984687499997
0 0.6343362734375 0.3299598328125 0.7068481703125 0.46297627812500003 0.785881678125 0.4476137203125 0.7853510109374999 0.4448836734375 0.7088950656249999 0.3139847921875 0.6343362734375 0.3299598328125
1 0.4722610171875 0.35806068125 0.3952372984375 0.3749536890625 0.402943021875 0.39503915 0.4584403234375 0.51603710625 0.475843228125 0.512654325 0.5361297859375 0.49752884062499997 0.5345482671874999 0.4893926265625 0.4722610171875 0.35806068125
1 0 0.5176410234375 0.025142184374999998 0.601853478125 0.0902420703125 0.5891993421875 0.11062436093750001 0.5849844 0.1096516796875 0.5799803875 0.0656519609375 0.4495204890625 0 0.4603355578125 0 0.5176410234375
0 0.070118253125 0.45429035781250005 0.1149660109375 0.58280175 0.134177615625 0.5790673921875 0.1990271703125 0.564826021875 0.1982518828125 0.56083751875 0.15353076875 0.4413884484375 0.070118253125 0.45429035781250005
0 0.318566246875 0.41051090468749996 0.237158375 0.4252525625 0.23736703750000002 0.426326034375 0.28732639375 0.547706540625 0.3723539890625 0.53117885 0.372159178125 0.5301766375 0.318566246875 0.41051090468749996
0 0.23586929531249998 0.424644746875 0.1544703609375 0.43992795781250005 0.20286347500000002 0.5665248140625 0.2339898109375 0.5612576125000001 0.2870578875 0.550942221875 0.2869725453125 0.5505031765624999 0.23586929531249998 0.424644746875
0 0.3728581828125 0.530660325 0.4538016390625 0.5161833703125 0.45265566562500004 0.5102878468750001 0.398252203125 0.39636923749999997 0.32039811875 0.41169709374999996 0.3728581828125 0.530660325
1 1 0.6213760109375001 0.95050818125 0.5329549140625 0.8788316375 0.543505 0.959917725 0.71303256875 1 0.7052413640624999 1 0.6213760109375001
1 0.2396479515625 0.669256140625 0.1506494796875 0.6832756609375 0.2128188546875 0.8610825984374999 0.24537494375 0.8551091062499999 0.3057007328125 0.843382959375 0.3049132546875 0.8393317359375001 0.2396479515625 0.669256140625
1 0.8018090984375 0.557265165625 0.8809556359374999 0.731564734375 0.8993580640625 0.7279876640625 0.9571329640625 0.7144639125000001 0.9561179171875 0.7092419484375 0.8750096921875 0.5447826484375 0.8018090984375 0.557265165625
1 0.3363052625 0.6512295359375 0.4053145359375 0.82561174375 0.49618913906250006 0.807947509375 0.4955322625 0.804568175 0.4217439953125 0.6301319999999999 0.3363052625 0.6512295359375
0 0.059098523437499995 0.704721803125 0.11751794687499999 0.8815537328125 0.1338332125 0.8783823671875 0.2101389765625 0.8594670125 0.2084388046875 0.8507203890625 0.1485060375 0.6850351484375 0.059098523437499995 0.704721803125
0 0.7787991671875 0.563737134375 0.6965304 0.5807420359375 0.7776603796875 0.753126221875 0.7867620203125 0.7514658625 0.8612317468749999 0.7369904140625 0.8601022890625 0.7311798515625 0.7787991671875 0.563737134375
1 0.49752434218749997 0.8060962281249999 0.5289970796875 0.799978546875 0.586139109375 0.7875597734374999 0.5854872203125 0.7842060953125001 0.5133003234375 0.6217356828125 0.43205903125 0.63417899375 0.42655618906250004 0.6352486374999999 0.49752434218749997 0.8060962281249999
0 0.24411716718749998 0.6682180109375 0.3106070484375 0.8456127578125001 0.3453436296875 0.8388606515625 0.40440015625000003 0.8270631703125 0.40323024687500003 0.821044509375 0.335763790625 0.6568544203125 0.24411716718749998 0.6682180109375
1 0.6013370250000001 0.6032765234374999 0.685423546875 0.7727558125 0.714082028125 0.7671851671875001 0.77531415625 0.7535564953125 0.7744523328125 0.7491227968749999 0.6942121578125 0.5816550265625 0.6013370250000001 0.6032765234374999
0 0.5989729953125 0.603973146875 0.5155600812500001 0.6209937640625001 0.515605078125 0.6212252546875 0.5798766015625 0.76719951875 0.5883211375 0.7854973703125 0.6819753093750001 0.7728876062500001 0.6816382875 0.77115378125 0.5989729953125 0.603973146875
1 0 0.2263136078125 0.058284925 0.214984165625 0.0593537421875 0.21476530624999998 0.05891985937500001 0.2125331734375 0.0237818265625 0.122137078125 0 0.1268547390625 0 0.2263136078125
1 0.025175321875 0.1220301390625 0.061151871875 0.2144268875 0.1375792375 0.1995709125 0.1367835609375 0.195477509375 0.100618184375 0.10738949843750001 0.025175321875 0.1220301390625
0 0.1391909484375 0.20143664375 0.21667783749999997 0.188868253125 0.21642755624999999 0.1875806671875 0.1743934875 0.09404135 0.1011244453125 0.10701807187500001 0.1391909484375 0.20143664375
1 0.24776245000000002 0.08223509062499999 0.1750635953125 0.0935986125 0.21662959843750001 0.18883931874999998 0.278925128125 0.178463034375 0.2906172484375 0.1761903171875 0.2899440875 0.1727272046875 0.24776245000000002 0.08223509062499999
1 0.24813109687499998 0.0818947828125 0.2918300734375 0.1759545671875 0.367306871875 0.1612833640625 0.36672569374999997 0.15829345781249998 0.327552271875 0.0723128828125 0.24813109687499998 0.0818947828125
1 0.95390533125 0.9036188953125001 0.86571123125 0.7389633640625 0.7799187984375 0.75511776875 0.8620804453125 0.9214678453125 0.95390533125 0.9036188953125001
1 0.6885232296875 0.7785673640625 0.76882648125 0.94277806875 0.7900459140625 0.9386534296875 0.8593855171874999 0.9240239953125 0.8586971203125 0.9204825 0.7762966890625 0.7566836078125 0.77418173125 0.7570947140625 0.6885232296875 0.7785673640625
1 1 0.7987202515625 0.9559680500000001 0.715915925 0.870633859375 0.7362271796875001 0.8706823968749999 0.7364768890625 0.9609892312499999 0.9129449546874999 0.9873694453124999 0.9082563453124999 1 0.9058012140624999 1 0.7987202515625
1 0.6718515390625 0.963349771875 0.7339122328125 0.9527482015625001 0.7681040203125 0.946101990625 0.6840607828125 0.7781442890625 0.59671568125 0.7920207140625 0.6718515390625 0.963349771875
1 0.36767700468750003 1 0.305089734375 0.8480186046875 0.217169928125 0.8645865296874999 0.265320503125 1 0.36767700468750003 1
1 0.4744334796875 1 0.40148635468749994 0.8311311 0.3841693453125 0.8344971859375001 0.3084859921875 0.84952305625 0.308769046875 0.85097925 0.3704882390625 1 0.4744334796875 1
1 0.523578071875 1 0.5761045703125001 0.9897898828124999 0.57527505 0.9855223703125 0.49853323125 0.8146649671875 0.4030381078125 0.83133900625 0.47515357812500003 1 0.523578071875 1
1 0.6747909703125 0.9734030859375 0.5930349765625 0.793182321875 0.5014290906250001 0.8127416343749999 0.579431834375 0.9939183625 0.67516170625 0.9753103609375 0.6747909703125 0.9734030859375
1 0.2608481671875 1 0.21456690156249997 0.8656111 0.11916766875 0.8866664078125 0.1550652734375 1 0.2608481671875 1
1 0.5437239640625 0.023935678125000002 0.592577446875 0.12386217968749999 0.62785683125 0.1170045609375 0.6628708249999999 0.1095751671875 0.6620864234375 0.10553977031249999 0.6116832125 0.0085921203125 0.5437239640625 0.023935678125000002
1 0.328323425 0.0716988859375 0.3672982625 0.1596932921875 0.41894821875000005 0.1496535578125 0.4390375921875 0.1454315171875 0.43873686562499997 0.1438844125 0.39570767500000004 0.059852406250000004 0.328323425 0.0716988859375
1 0.674830725 0.00043707187499999995 0.6139103109375 0.0097436734375 0.6649218640625 0.11131494374999999 0.6691495265625 0.1105698203125 0.7369077609375 0.09739895312499999 0.7366902640624999 0.0962800234375 0.674830725 0.00043707187499999995
1 0.5411173328125 0.0278506875 0.4699471375 0.045337218750000005 0.5167312859375001 0.1352635328125 0.585017375 0.12373996406250001 0.58906740625 0.1229527171875 0.5879088546875 0.1169924921875 0.5411173328125 0.0278506875
1 0.4680362359375 0.04694985625 0.39738050625 0.059165082812500006 0.4419919796875 0.1471409625 0.47804673593749997 0.14134945937500001 0.5148490890625 0.13419580625 0.5144299453125 0.1320394984375 0.4680362359375 0.04694985625
1 0.7564585109374999 0 0.8120474312500001 0.08279328124999999 0.8810842546875 0.06937388125 0.8809364109375 0.0686132953125 0.8342508578125001 0 0.7564585109374999 0
0 0.6861619203125 0 0.680562371875 0.001202428125 0.7385333609375 0.101858203125 0.744453965625 0.1007073546875 0.8093544546875 0.085230465625 0.8088154734374999 0.08245765000000001 0.757988796875 0.00896840625 0.751557546875 0 0.6861619203125 0
1 0.83653341875 0 0.8819865984374999 0.069971196875 0.9219561015625001 0.06461268906249999 0.9230929296875001 0.0643917125 0.9105764484375 0 0.83653341875 0