1 0.9241146312499999 0.20314846874999998 0.85636961875 0.20553770624999998 0.8965423375 0.31409524218749996 0.9303110890624999 0.31316070156250003 0.9657626609375001 0.3113027625 0.9655253437500001 0.30677447343750003 0.9241146312499999 0.20314846874999998
1 0.894060371875 0.31650081874999997 0.848738325 0.2067356796875 0.7813208984375 0.2115702 0.8260588921875 0.3213839234375 0.894060371875 0.31650081874999997
1 0.5369210328125 0.22798619687500002 0.5322063234375001 0.22823328437499998 0.571904721875 0.33923249843750003 0.6477035078125 0.3328316734375 0.647553621875 0.3299716578125 0.60948859375 0.226115465625 0.5369210328125 0.22798619687500002
1 0.689731146875 0.220327396875 0.6136521562499999 0.224212075 0.6522246203125001 0.3304755046875 0.705345215625 0.331209240625 0.7304756046875001 0.3298922125 0.730347025 0.327438759375 0.689731146875 0.220327396875
1 0.694073821875 0.21879259375000001 0.7361523531249999 0.33272399531249996 0.81645888125 0.3285153078125 0.8163842046875001 0.3270904046875 0.772883296875 0.21423877500000002 0.694073821875 0.21879259375000001
1 0.49343576562499997 0.346668078125 0.5714193875 0.340148321875 0.5712869296875 0.33762086562500004 0.532549015625 0.22978645000000003 0.456783628125 0.23375714531249997 0.49343576562499997 0.346668078125
1 0.3728575765625 0.24058765312500002 0.4089688640625 0.3545648875 0.41845360156250005 0.3540678140625 0.4905045109375 0.348670475 0.4904228453125 0.347112184375 0.45484336406250003 0.2338564171875 0.3728575765625 0.24058765312500002
0 0.16008010625 0.3863843265625 0.12789490625 0.2510495671875 0.0466941328125 0.2545312359375 0.0768666921875 0.39074535625 0.16008010625 0.3863843265625
1 0.12869435625 0.25190513124999997 0.128758825 0.25313528125 0.162395371875 0.390332490625 0.23807037812499998 0.3869909625 0.2468395640625 0.3865313890625 0.24660918281250002 0.3821354375 0.21576302187500002 0.248829465625 0.1318504578125 0.2517397265625 0.12869435625 0.25190513124999997
0 0.2922696796875 0.244317603125 0.3319316046875 0.3836365484375 0.410758996875 0.3795053796875 0.410497003125 0.3745062234375 0.36983656875 0.2379308484375 0.2922696796875 0.244317603125
0 0.248381934375 0.3874282046875 0.3294946734375 0.3813596875 0.3292552546875 0.376791296875 0.29013541875 0.24574164375000002 0.2158383984375 0.24808762343750002 0.248381934375 0.3874282046875
1 0.8215873421875 0.3317392734375 0.8747555765625 0.47879524843750004 0.9586636671875001 0.4743978109375 0.958572765625 0.47266330156249997 0.8997530546875 0.326051103125 0.8215873421875 0.3317392734375
1 0.989410265625 0.32373376875000004 0.9032196734375001 0.324807615625 0.9626199734374999 0.48124596718749996 0.9856327578125 0.48237228749999994 0.9981632828125001 0.481715590625 0.9917455671875001 0.3592582578125 0.989410265625 0.32373376875000004
1 0.4963263015625 0.35548801406249997 0.539509840625 0.499494021875 0.555138434375 0.49867496093749997 0.6232176765624999 0.4925731796875 0.6230385484375 0.48915521249999994 0.5729959203125 0.35066252656249997 0.5535422328124999 0.3516820515625 0.4963263015625 0.35548801406249997
1 0.8185707343749999 0.3397838203125 0.735925609375 0.34431891875 0.735941346875 0.344619196875 0.7929967296875 0.4862093359375 0.8052216421875 0.48556865625 0.8711703765625 0.476817103125 0.8710725125 0.47494973125 0.8185707343749999 0.3397838203125
1 0.652940025 0.3481067703125 0.5760607296875 0.3512019328125 0.623242034375 0.4906641125 0.7044000640625 0.49241713593750003 0.7061308921875 0.4923264265625 0.70579861875 0.485986271875 0.652940025 0.3481067703125
1 0.6566939390625001 0.350310646875 0.70998784375 0.4921242921875 0.7903902578124999 0.48791057968749996 0.7902447046875001 0.485133246875 0.7327504265625 0.344867653125 0.6566939390625001 0.350310646875
1 0.49228510625000005 0.3555815046875 0.413659925 0.36159048125000004 0.4184953 0.3825529 0.45661284531249996 0.5100970453125 0.474317178125 0.5091692015625 0.5361220921875 0.502581184375 0.53568830625 0.49430404687499996 0.49228510625000005 0.3555815046875
1 0 0.4319858609375 0.015588203125 0.5347748125 0.0818156578125 0.531303978125 0.10258619531249999 0.5299667234375 0.10231940312500001 0.5248760375 0.076904396875 0.3895621890625 0 0.3913806015625 0 0.4319858609375
0 0.0806633859375 0.394907225 0.107189359375 0.5284095546875001 0.12673371875 0.5273852781249999 0.192934178125 0.52230781875 0.192721528125 0.5182502312499999 0.165059734375 0.3937396546875 0.0806633859375 0.394907225
1 0.33278642187499996 0.386131109375 0.25011916562500003 0.38939951562499997 0.25017639687500004 0.39049158125 0.2827566515625 0.51764381875 0.3692569734375 0.513110528125 0.36920353906250003 0.51209095625 0.33278642187499996 0.386131109375
0 0.248927221875 0.388618209375 0.16619344375 0.39242414375 0.196496721875 0.5245239875000001 0.22805319218750003 0.52363999375 0.2820404390625 0.5208106421875 0.28201703125 0.520363990625 0.248927221875 0.388618209375
1 0.369828425 0.5126672203125 0.45199894843750005 0.50959630625 0.45168462500000006 0.5035986671875 0.41366502031249996 0.3832172078125 0.33443538125 0.3875607015625 0.369828425 0.5126672203125
1 1 0.7457702 0.941537428125 0.5953328203125 0.8690901484375001 0.5958047859375 0.925793434375 0.7749675265625 0.9873195499999999 0.7717430796875 1 0.77084915 1 0.7457702
1 0.218625778125 0.63137495 0.1285422921875 0.6328718390625 0.165360696875 0.8176006765625001 0.1984313015625 0.8162162500000001 0.25980196875 0.8129999484375 0.25958597499999997 0.8088785546875 0.218625778125 0.63137495
1 0.7909021421875 0.5987115734375 0.8450206203124999 0.7823299390625 0.8637417890625001 0.7813488046875 0.92283656875 0.7759973765625 0.9225581578125001 0.770684965625 0.8651275843749999 0.5965380890625 0.7909021421875 0.5987115734375
1 0.3168512453125 0.6269758765625 0.3609196125 0.8092652421875 0.453368215625 0.804420215625 0.4531880453125 0.80098235 0.40439470312500003 0.617974434375 0.3168512453125 0.6269758765625
0 0.034897578125 0.6413678390625 0.06813821875000001 0.8246092656249999 0.084736075 0.8237394078125 0.16293174531250001 0.8156278468749999 0.16246541406249998 0.8067297265625 0.1261748359375 0.6343158953125 0.034897578125 0.6413678390625
1 0.76721541875 0.60191819375 0.6833806609375 0.6073080046875 0.7397298453125 0.7893056703125 0.7489739875 0.788928175 0.8247335734375 0.7849577828125 0.8244237812499999 0.779046578125 0.76721541875 0.60191819375
1 0.454948075 0.802772775 0.48696593750000006 0.8010947906249999 0.5452802250000001 0.796749509375 0.545101421875 0.7933377421875 0.496228553125 0.62240200625 0.41404612187499995 0.62341761875 0.4084479671875 0.6237110046875001 0.454948075 0.802772775
0 0.223195978125 0.63096891875 0.264350209375 0.815890875 0.29968844687499996 0.8140388765625 0.3598121328125 0.8105752875000001 0.35949124375 0.8044523796874999 0.31553220937500004 0.6324706625000001 0.223195978125 0.63096891875
1 0.58597750625 0.61637483125 0.6456587453125 0.795907340625 0.6748136078125 0.7943794 0.737346575 0.789405225 0.7371101890625 0.7848947328125 0.680957915625 0.6078894734375 0.58597750625 0.61637483125
0 0.58353953125 0.616735665625 0.49856957343749997 0.62198180625 0.498581915625 0.6222173062499999 0.5419122625 0.7757158265624999 0.547728046875 0.79501085625 0.6422257234375001 0.7955579515625 0.6421332843750001 0.7937940953125 0.58353953125 0.616735665625
1 0.00560485625 0.0637798859375 0.025181426562499998 0.1603220671875 0.102250203125 0.1562830640625 0.10333907812500001 0.156215084375 0.1032200703125 0.15394429062499998 0.0810047046875 0.0595376546875 0.00560485625 0.0637798859375
1 0.0823995203125 0.05962569375 0.10516680781250001 0.15613021093749999 0.1829179390625 0.152055446875 0.182699696875 0.14789114375 0.1591457625 0.05562715 0.0823995203125 0.05962569375
1 1 0.7682037921875 0.9248712187500001 0.777015596875 0.9876919515625 0.957916234375 1 0.957271196875 1 0.7682037921875
0 0.18425430625 0.15412732812500002 0.2627362796875 0.15246534218750002 0.26266763125 0.1511554546875 0.234060790625 0.052676442187500006 0.15969878906249999 0.055329796875000004 0.18425430625 0.15412732812500002
1 0.308358846875 0.051196068750000004 0.2347859953125 0.052331275 0.26269253593749997 0.152429975 0.3258259109375 0.150824534375 0.3377205453125 0.1502011640625 0.3375359078125 0.14667806875 0.308358846875 0.051196068750000004
1 0.3087712671875 0.050910378125 0.3389543765625 0.1501365015625 0.41573847812500003 0.1461124171875 0.41557906874999995 0.1430707234375 0.3887530640625 0.052475018750000005 0.3087712671875 0.050910378125
1 0.8933150624999999 0.9628623171875 0.8288948828124999 0.7875349546875 0.7416891156250001 0.791592146875 0.799899715625 0.9677580078125001 0.8933150624999999 0.9628623171875
1 0.6479194515625 0.8020937281249999 0.704587484375 0.9758823984375 0.7261744484375 0.9747510734375 0.7968752671875 0.9699142203125 0.7966864499999999 0.9663113828125001 0.7378843359375 0.792638646875 0.7357327453125 0.7927514062500001 0.6479194515625 0.8020937281249999
1 0.9907711062500001 0.9676234703125 0.9214809109375001 0.7772731328125 0.83415040625 0.785510496875 0.8341637203125 0.78576453125 0.8990320859375001 0.973083503125 0.9258080968750001 0.9721119390625 0.9908277562500001 0.9687044031250001 0.9907711062500001 0.9676234703125
1 0.6056932671874999 0.9827575953125001 0.66862544375 0.980896378125 0.703409453125 0.9790734249999999 0.6435593125 0.8010537187500001 0.555133021875 0.8026390109375001 0.6056932671874999 0.9827575953125001
1 0.3053482875 1 0.258551759375 0.8175054453125 0.16918177343750002 0.8216760609374999 0.20570360468749999 1 0.3053482875 1
1 0.40729092343750006 1 0.407262784375 0.9994630843750001 0.356360540625 0.8141981062499999 0.338743590625 0.815121371875 0.261705584375 0.8194679234375 0.2617832234375 0.8209493390624999 0.30808096875 1 0.40729092343750006 1
1 0.42352739375 1 0.50719835 0.9956149906249999 0.506970825 0.9912735625 0.45475460625 0.8113985343750001 0.3578682578125 0.8146199515625 0.40806265625 1 0.42352739375 1
1 0.5130929546874999 1 0.607306628125 0.9950624703125 0.607204940625 0.9931221609374999 0.5513264734375001 0.8032770578124999 0.457889959375 0.8098969453124999 0.50987316875 1 0.5130929546874999 1
1 0.2010064953125 1 0.16646148593750001 0.8223283890624999 0.06906034062500001 0.8299017796875001 0.09775465312500001 1 0.2010064953125 1
1 0.6095537921874999 0.034653903125 0.6440247578125 0.14040701718749998 0.6799152 0.138526078125 0.7156224124999999 0.1360419921875 0.7154072640625 0.13193670156249998 0.678987078125 0.028917765625 0.6095537921874999 0.034653903125
1 0.3896021640625 0.05197432187499999 0.415951246875 0.144536621875 0.46849580937499996 0.14178287812499998 0.4889772703125 0.140397825 0.4888947859375 0.13882392500000001 0.457979346875 0.04962120625 0.3896021640625 0.05197432187499999
1 0.7426550062499999 0.02963051875 0.6810322375 0.030368065625000003 0.7174113609375 0.13805028749999998 0.72170158125 0.137900790625 0.790633428125 0.1342882265625 0.790573771875 0.1331499171875 0.7426550062499999 0.02963051875
1 0.606427665625 0.0381680390625 0.5335164390625 0.045579415625 0.5673299640625 0.14114166718750001 0.6365552671875 0.13923383125 0.640675446875 0.139017903125 0.640357675 0.13295444218750002 0.606427665625 0.0381680390625
1 0.5313996984375 0.0469104125 0.45973155468750004 0.049173384375000004 0.49166499531249996 0.14250180625 0.528174890625 0.14178451875 0.5656146828125 0.13982238125 0.5654997171875 0.137628725 0.5313996984375 0.0469104125
1 0.8163813359375001 0.025782059375 0.867074559375 0.130282115625 0.937307140625 0.1266013828125 0.9372665890625 0.1258276234375 0.8878528031249999 0.025546879687500003 0.8163813359375001 0.025782059375
1 0.8028339593749999 0.0272530125 0.74822435625 0.0311861171875 0.7916225984375 0.13893031875 0.7976457515625001 0.138614659375 0.8640686000000001 0.13232079218749998 0.8639207671875001 0.1294999515625 0.8238164578125 0.049652193750000004 0.8118372328125 0.0267811703125 0.8028339593749999 0.0272530125
1 0.9381175734375 0.1273184671875 0.97844385625 0.1275747875 0.9796003734375001 0.1275141765625 0.9740061453125 0.020769921875 0.8903369031249999 0.0248883859375 0.9381175734375 0.1273184671875