1 0.957130446875 0.2570477265625 0.8895992203124999 0.251163115625 0.9162426625 0.363807303125 0.9498735984375 0.366995103125 0.9852873453125 0.36947147343750003 0.98560365625 0.364948015625 0.957130446875 0.2570477265625
1 0.91348603125 0.36589247343750003 0.8818788124999999 0.2514221390625 0.8143747265625001 0.2480045046875 0.8453963218749999 0.36245188281249996 0.91348603125 0.36589247343750003
0 0.569795971875 0.2345132890625 0.5650862937500001 0.23418395468750003 0.590961384375 0.34919381562499996 0.6669752421874999 0.35207825000000004 0.667175021875 0.3492212859375 0.6420506109375 0.2415002625 0.569795971875 0.2345132890625
1 0.7224004359375 0.24553444375 0.6464151046875 0.24011847031250003 0.6717498 0.3502906296875 0.7243850234375 0.3574926671875 0.7494886000000001 0.3592480796875 0.749659978125 0.3567972453125 0.7224004359375 0.24553444375
1 0.7268977875 0.2445403203125 0.7547779265625 0.3627505765625 0.8349987703125 0.368360165625 0.8350983031249999 0.36693678125 0.8056747984375001 0.2496249046875 0.7268977875 0.2445403203125
0 0.5121711546875 0.3470110125 0.5903680578125 0.350043665625 0.59054460625 0.34751890625000004 0.565237146875 0.2357673078125 0.48955259843750004 0.23047492812499998 0.5121711546875 0.3470110125
1 0.4054196890625 0.227026509375 0.427371478125 0.344555034375 0.4368460953125 0.34521756406250004 0.50901771875 0.348641253125 0.50912656875 0.3470846265625 0.48761469843749994 0.2303370015625 0.4054196890625 0.227026509375
0 0.176460084375 0.3458053859375 0.161007946875 0.20755700156249998 0.0799881234375 0.201116834375 0.09333545625 0.3399927453125 0.176460084375 0.3458053859375
0 0.161697171875 0.20850361718750002 0.1616112421875 0.2097324546875 0.1782769328125 0.35000628125 0.25379509843750003 0.3559121234375 0.26255492812500003 0.3565246703125 0.2628619953125 0.35213340937500004 0.24849167031250002 0.21606187812500002 0.1648499046875 0.208724078125 0.161697171875 0.20850361718750002
0 0.324977915625 0.2209074640625 0.3473654984375 0.36402151875 0.4261087859375 0.3695277859375 0.4264579890625 0.36453396250000003 0.40274498124999997 0.224021340625 0.324977915625 0.2209074640625
0 0.2639765078125 0.35760276874999997 0.3452242125 0.36146464218749996 0.3455433234375 0.3569011265625 0.322686015625 0.2220607890625 0.2486568921875 0.215334753125 0.2639765078125 0.35760276874999997
0 0.8396961046874999 0.3721851015625 0.8745464140625 0.5246245218750001 0.9583649796874999 0.5304856859375 0.9584861390625001 0.5287530265625 0.9179723937500001 0.376065334375 0.8396961046874999 0.3721851015625
1 1 0.383893790625 0.921564715625 0.37525359062499997 0.9614572171875 0.53776495 0.984161203125 0.5416874265625 0.9966783593749999 0.5425627109375 1 0.49506103437500004 1 0.383893790625
1 0.513965265625 0.3561174734375 0.5392770046875001 0.50431283125 0.554888921875 0.5054045234375 0.62320433125 0.5076449953125 0.6234430843750001 0.504230675 0.5906514796875 0.36067163125 0.5712185484375001 0.3593127484375 0.513965265625 0.3561174734375
1 0.8357215968749999 0.37980205312500004 0.75313980625 0.37423144218750004 0.75311883125 0.3745313984375 0.7924934359375 0.5220194484375 0.8047053046875 0.5228733859375 0.8712290140625001 0.5222241953125 0.871359453125 0.5203588156250001 0.8357215968749999 0.37980205312500004
1 0.6703111609375 0.367877659375 0.59362770625 0.361580521875 0.623461165625 0.5057531265625 0.703800615625 0.5173837578125 0.705529596875 0.5175046609375 0.7059724703125 0.511171271875 0.6703111609375 0.367877659375
1 0.673768509375 0.370522596875 0.7093824328125 0.5177740765625 0.7896990625 0.5233903625 0.7898930656250001 0.5206159921875 0.7499214171874999 0.37438912812499997 0.673768509375 0.370522596875
1 0.5099427984375 0.35571777031249996 0.43117136718750004 0.35209995625 0.433416025 0.373495409375 0.45570572656249997 0.5047342203125 0.4733911703125 0.50597090625 0.5355382765625001 0.5069641203125 0.536116453125 0.4986958140625 0.5099427984375 0.35571777031249996
1 0.010856465625 0.3306517890625 0.0149609515625 0.4754806578125 0.0811177453125 0.4801067921875 0.1018964328125 0.481310796875 0.102252028125 0.4762255421875 0.09351707031249999 0.3388229921875 0.010856465625 0.3306517890625
0 0.09659664531249999 0.34458629375 0.10665505625 0.48032621875 0.1261785640625 0.48169143593749997 0.1925043609375 0.48471962812499997 0.1927877921875 0.48066637187500005 0.18050620625 0.353712753125 0.09659664531249999 0.34458629375
1 0.347909934375 0.3666016609375 0.265460546875 0.3597711015625 0.26538426406250004 0.36086200156250003 0.28222571093750004 0.49103700000000006 0.368633740625 0.49707923750000005 0.368704959375 0.496060753125 0.347909934375 0.3666016609375
0 0.26437270625 0.3588503578125 0.1817917875 0.35254521250000004 0.19577026718749999 0.48735344375 0.2271992515625 0.49032180625 0.281128896875 0.49409293437499996 0.281160096875 0.49364675937499997 0.26437270625 0.3588503578125
1 0.36925495937499997 0.4967088765625 0.4511872453125 0.5036749203124999 0.45160619375 0.49768368125 0.42854079062499995 0.3735661015625 0.349372378125 0.3682215546875 0.36925495937499997 0.4967088765625
1 0.8546633390625 0.6400714453125 0.8891095234374999 0.8248091265624999 0.9505699921874999 0.8291068609375 0.9718650999999999 0.8302107812499999 0.9720563062500001 0.8274763999999999 0.9266281281250001 0.6484321 0.8546633390625 0.6400714453125
1 0.20471252031249998 0.596104809375 0.115118078125 0.586612125 0.1291492609375 0.7744510578125 0.16214208125000001 0.7771072421875 0.22344727031249997 0.78139411875 0.22373515781250003 0.777277121875 0.20471252031249998 0.596104809375
1 0.7767038875 0.6334278453125 0.8080415234375 0.82227293125 0.8267427187499999 0.8235806453125001 0.8860491906249999 0.8254709484375 0.8864202750000001 0.82016420625 0.8506409453125 0.6403163671875001 0.7767038875 0.6334278453125
1 0.3027419421875 0.6037091984375 0.32426634375 0.790010390625 0.41661631093749996 0.7964681296875 0.416856453125 0.79303393125 0.3907298640625 0.605443715625 0.3027419421875 0.6037091984375
0 0.021135975 0.5836323765625 0.0317973328125 0.769558965625 0.04837748125 0.7707183625 0.1269788421875 0.7721969171875 0.1276003953125 0.763308290625 0.1125922828125 0.587756896875 0.021135975 0.5836323765625
1 0.7528029328125 0.633723878125 0.6689362125 0.628856628125 0.70268544375 0.8163649484375 0.7119066859375 0.81711684375 0.7875854421875 0.8224088187499999 0.7879983515625 0.8165039203125 0.7528029328125 0.633723878125
1 0.418385165625 0.7950255046875 0.4503688671875 0.7972620218750001 0.5087780453125 0.8000558546875001 0.5090163640625 0.7966477281250001 0.48133961249999996 0.6210300171875 0.399645984375 0.6120225390625 0.394053803125 0.6116314953125 0.418385165625 0.7950255046875
0 0.20929813749999998 0.596258771875 0.22760929375 0.7848177859375001 0.262909828125 0.7872862406250001 0.32300746406249997 0.791175703125 0.3234351640625 0.785059328125 0.3007630921875 0.6090022765625001 0.20929813749999998 0.596258771875
0 0.57115411875 0.6259854140625001 0.6085109937500001 0.811453028125 0.6376347499999999 0.813489559375 0.7003078046875 0.8161733140624999 0.700622871875 0.8116676343749999 0.6664606640625 0.6291385046875 0.57115411875 0.6259854140625001
1 0.568690340625 0.62604644375 0.48371439374999997 0.6208982468750001 0.48369794375 0.621133496875 0.5079985484375 0.778768503125 0.5114195109375 0.798628475 0.6051461406249999 0.8106878625 0.60526935 0.8089258890625001 0.568690340625 0.62604644375
1 0.0624518625 0.0067797921875 0.0701169796875 0.104988146875 0.1471035265625 0.11037157187499999 0.1481925703125 0.1104368 0.148351190625 0.10816842812500001 0.1378066890625 0.011758112499999999 0.0624518625 0.0067797921875
1 0.139180378125 0.0120154796875 0.1500170203125 0.110575303125 0.2276851953125 0.116006390625 0.22797608125000002 0.1118465296875 0.215841865625 0.017399756250000002 0.139180378125 0.0120154796875
1 0.96625754375 1 0.9783395515625 0.8272192296875 0.887944584375 0.8267295421874999 0.9252500093749999 1 0.96625754375 1
0 0.22875910156249998 0.1182256890625 0.306858628125 0.1261406390625 0.3069501265625 0.12483214843749998 0.290558090625 0.0236008875 0.2164270078125 0.017172015625000002 0.22875910156249998 0.1182256890625
1 0.3644827515625 0.031186203125 0.2913199546875 0.0233466734375 0.30681952031250004 0.1261002046875 0.3696779625 0.132200753125 0.38155990625 0.1330316203125 0.3818060015625 0.129512284375 0.3644827515625 0.031186203125
1 0.364926915625 0.030952904687499998 0.382792421875 0.13311780625 0.45949459687500005 0.1384813453125 0.4597070671875 0.135442896875 0.4441218578125 0.0422532109375 0.364926915625 0.030952904687499998
1 0.8322552249999999 1 0.791401653125 0.8254739171875001 0.704351459375 0.8188731578124999 0.7404953187500001 1 0.8322552249999999 1
1 0.7375754859375 1 0.7376459328125 0.9989925515625 0.7004475015625 0.8194481703125 0.6982982062499999 0.8192978765625 0.6100009171874999 0.8178688140625001 0.6450670453125 0.9972681859374999 0.6666309765625 0.9987760828125 0.6893302968749999 1 0.7375754859375 1
1 0.9245942406250001 1 0.8845481609375 0.8265719828125 0.7968647234375 0.824105034375 0.7968469781249999 0.8243587984375 0.834504128125 1 0.9245942406250001 1
1 0.6434490875 1 0.605800025 0.8163051890625 0.5178396515625 0.8071022109375001 0.54607209375 0.9920399625 0.608762009375 0.997862121875 0.6393351 1 0.6434490875 1
1 0.132445190625 0.7789617359375 0.14788205625 0.9718995171874999 0.2456729171875 0.9787377203125001 0.2460210515625 0.973759159375 0.22165729843749998 0.7857136687499999 0.132445190625 0.7789617359375
1 0.22454844999999998 0.7880458734375 0.22444496875 0.789525709375 0.24938136875 0.9789970406249999 0.346988015625 0.9858223625000001 0.34708479531249997 0.9844383390625 0.31914009062500004 0.794350875 0.3015419375 0.7931202921875 0.22454844999999998 0.7880458734375
1 0.320585159375 0.7949533203125 0.3479306453125 0.9858882781249999 0.4467444203125 0.992798009375 0.44704767968750003 0.9884612140625 0.41714192343749995 0.803563390625 0.320585159375 0.7949533203125
1 0.54589355 1 0.5139837171875 0.8072716 0.42043690468749995 0.8024550984375001 0.44888978125 0.997646975 0.48253960781250005 1 0.54589355 1
1 0.1296656828125 0.7792776828125 0.0320675859375 0.774924409375 0.040645973437499996 0.9656550171875 0.0837911953125 0.970550478125 0.142581134375 0.974661471875 0.1429594265625 0.9692516546875 0.1296656828125 0.7792776828125
1 0.6654486187499999 0.051473771875 0.6867745796875 0.1606395703125 0.7226267281250001 0.163146596875 0.75837051875 0.1650326421875 0.7586572828125 0.16093173125 0.73506341875 0.0542421796875 0.6654486187499999 0.051473771875
1 0.44502564843750003 0.041859725 0.459897821875 0.136943225 0.512386321875 0.140613578125 0.5328839125 0.1417349125 0.532993853125 0.140162690625 0.5131799296875 0.0478572328125 0.44502564843750003 0.041859725
1 0.7981699124999999 0.0627087875 0.7369165859375 0.0559309109375 0.7599013828125 0.16724398437500002 0.76417784375 0.16761845 0.83303614375 0.17243349218749998 0.8331156578125001 0.171296396875 0.7981699124999999 0.0627087875
1 0.661917528125 0.054580734374999995 0.5886465515625 0.053051225 0.6105619250000001 0.1520220015625 0.679503740625 0.15856482968750002 0.683619525 0.1588526328125 0.684043071875 0.1527956421875 0.661917528125 0.054580734374999995
1 0.58638338125 0.054114334374999996 0.514973653125 0.0476262890625 0.53529519375 0.1441507625 0.5716203656250001 0.14788825781249998 0.6090202109375 0.150503509375 0.6091734421874999 0.14831219375 0.58638338125 0.054114334374999996
1 0.8718157062499999 0.06787399375 0.9093957171874999 0.17777307343749998 0.9795533640625 0.1826789734375 0.9796074125 0.1819060390625 0.942783096875 0.076350746875 0.8718157062499999 0.06787399375
1 0.8581900453125 0.067682971875 0.8035081703125 0.0649315234375 0.8334522124999999 0.1771615328125 0.8394689390625001 0.1775822625 0.9061637125 0.17943021875 0.906360753125 0.1766123875 0.8762863703124999 0.0924723171875 0.8671837140624999 0.0683118703125 0.8581900453125 0.067682971875
1 1 0.0799974171875 0.9453289328125001 0.0759998984375 0.9802703640624999 0.1834894796875 1 0.18603936875 1 0.0799974171875