1 0.9833315 0.31456884218750003 0.9170207937500001 0.300498109375 0.9297377671874999 0.4155496828125 0.9627295281249999 0.4228123015625 0.9975775125 0.42958606250000003 0.9984427374999999 0.425134871875 0.9833315 0.31456884218750003
1 0.9267475640624999 0.4172833609375 0.909326365625 0.2998143203125 0.84274195 0.2881954828125 0.8595846890625 0.40557036875 0.9267475640624999 0.4172833609375
0 0.6016304156250001 0.244998175 0.5969959765625 0.24409733125000002 0.6086620234375 0.36140330625 0.6837577609375 0.37353000000000003 0.6843042265625 0.370718678125 0.6724949812500001 0.2607386953125 0.6016304156250001 0.244998175
1 0.751754246875 0.27453498593750003 0.6769953390625 0.2598991 0.6887145859375 0.37233757500000003 0.740079765625 0.38590055 0.76478229375 0.3907022359375 0.7652510765625 0.3882905546875 0.751754246875 0.27453498593750003
1 0.7563392296875 0.2740963625 0.7696053468749999 0.39482323125 0.8485446015625 0.41016746875 0.8488168593750001 0.408766825 0.83390939375 0.28874355 0.7563392296875 0.2740963625
1 0.5307251 0.349634659375 0.6079695468749999 0.3621745140625 0.6084524703125 0.3596900890625 0.59695274375 0.24568726562499998 0.522477315625 0.231210709375 0.5307251 0.349634659375
1 0.4393917765625 0.21753477187499998 0.446856815625 0.3368625078125 0.45618006875 0.33867476406249997 0.52739649375 0.3508684421875 0.5276942375 0.3493366828125 0.52057066875 0.23083764062499998 0.4393917765625 0.21753477187499998
0 0.1976632984375 0.3075251328125 0.199174578125 0.1684240890625 0.11954352343750001 0.15215809375 0.11586665 0.29162547499999997 0.1976632984375 0.3075251328125
0 0.1997433015625 0.16944764375000002 0.19950825625 0.17065685 0.19895464375 0.3119161328125 0.27319016875 0.326981303125 0.28181005312499996 0.3286568390625 0.282649990625 0.32433573125000004 0.2849697265625 0.1875271546875 0.20284566874999999 0.1700506828125 0.1997433015625 0.16944764375000002
0 0.360295328125 0.20165795000000003 0.365074821875 0.34643361562499997 0.44256012343749995 0.36149523281249996 0.443515315625 0.3565811890625 0.43710324375000004 0.2142260390625 0.360295328125 0.20165795000000003
0 0.2830896484375 0.32990014843750004 0.3632611 0.343634840625 0.3641339859375 0.3391442296875 0.35787995625 0.20252336718750003 0.2852223328125 0.1868255859375 0.2830896484375 0.32990014843750004
1 0.852740778125 0.41453635625 0.8687536281250001 0.5700867 0.9512331265625 0.5861190890625 0.951564540625 0.5844141109375001 0.929960728125 0.427927146875 0.852740778125 0.41453635625
1 1 0.4432326921875 0.9336252 0.427559246875 0.9534151953125001 0.59372094375 0.9754719187499999 0.6003811031249999 0.9877891046875 0.6027753203125 1 0.539955709375 1 0.4432326921875
1 0.5313960390625 0.358891890625 0.5384586375 0.509067346875 0.5538211421875 0.512053515625 0.6213542953125 0.5226028421875 0.6220073687500001 0.51924306875 0.606955634375 0.3727578 0.5878331593749999 0.3690407671875 0.5313960390625 0.358891890625
1 0.8478676234375 0.42161216250000005 0.7665802734375 0.4060188828125 0.7665228984375 0.4063140484375 0.7876297390625 0.557501303125 0.7996465140625 0.5598371265625001 0.86575348125 0.567299975 0.8661102812499999 0.565464396875 0.8478676234375 0.42161216250000005
1 0.6851433499999999 0.3896181890625 0.6097989109374999 0.3740226265625 0.621839775 0.520756375 0.7001629687500001 0.5420912296875 0.701864328125 0.5424219406249999 0.703075746875 0.53618973125 0.6851433499999999 0.3896181890625
1 0.6882525921875 0.39266475624999997 0.7056556140625 0.543158890625 0.784689121875 0.55852145 0.7852197890625 0.5557914015625001 0.76336665625 0.405783171875 0.6882525921875 0.39266475624999997
1 0.5274522671875 0.35800495 0.44970888750000004 0.34481428125 0.44932936406249996 0.366323809375 0.4554589328125 0.4993008171875 0.4728618375 0.5026836 0.5344246671875 0.5112432375 0.5360061875000001 0.5031070234375 0.5274522671875 0.35800495
1 0.0351408234375 0.27230248281249997 0.021564515625 0.41655203125 0.0866644015625 0.42920616718750004 0.10714147656249999 0.4329334828125 0.10811415937499999 0.42792946875000004 0.11618946875 0.2904865734375 0.0351408234375 0.27230248281249997
0 0.11854371875 0.296582221875 0.1119846203125 0.43253617499999997 0.131196225 0.4362705328125 0.19665859531250002 0.447359234375 0.19743388125 0.44337073125000004 0.2007155953125 0.3158666578125 0.11854371875 0.296582221875
1 0.3653007578125 0.3490608765625 0.284298371875 0.332233178125 0.2840897109375 0.33330665000000004 0.28494128124999996 0.4645637984375 0.3699688765625 0.4810914890625 0.37016368593750004 0.480089275 0.3653007578125 0.3490608765625
0 0.28333084999999997 0.331186721875 0.20213388124999998 0.3148644921875 0.1995791765625 0.45037143124999995 0.2304121421875 0.45714789843750003 0.28348021874999996 0.46746328750000005 0.28356556093749996 0.467024240625 0.28333084999999997 0.331186721875
1 0.37063060000000003 0.48079959531250005 0.45110322812500003 0.4976987484375 0.4522492015625 0.49180322500000007 0.44448185156250003 0.365799834375 0.36655488593749996 0.350846921875 0.37063060000000003 0.48079959531250005
1 0.8349493171875 0.6822499625 0.8466248843749999 0.8698085703125 0.9071034750000001 0.88156441875 0.9281053171875 0.88525533125 0.9286283359375 0.8825646328125 0.905358784375 0.6993186 0.8349493171875 0.6822499625
1 0.1952013171875 0.5594019671875 0.1074315671875 0.539061225 0.09846635625 0.7272100046875 0.13088954531250002 0.7338672046875 0.1912153359375 0.74559335 0.1920028140625 0.7415421249999999 0.1952013171875 0.5594019671875
1 0.7583806140625 0.666155015625 0.7664702390625 0.8574115765625001 0.7848726671875 0.8609886453125 0.8435067078125 0.8700924984375 0.8445217546875 0.8648705359375001 0.8309270578125 0.6820028515625001 0.7583806140625 0.666155015625
1 0.2915733015625 0.5788964562500001 0.2902328609375 0.7664321515625 0.38110746406249996 0.7840963859375 0.38176433906249996 0.7807170515624999 0.37869399062500003 0.591341075 0.2915733015625 0.5788964562500001
0 0.0145131328125 0.52465015 0.0024362703124999998 0.7104901625 0.018751537500000002 0.713661528125 0.096586825 0.724708159375 0.098286996875 0.7159615359375 0.1047850859375 0.5398896468750001 0.0145131328125 0.52465015
1 0.7346217359375 0.6635360484375 0.651973315625 0.6484842953125 0.66261946875 0.8387079546875 0.6716803453125 0.84057803125 0.746150071875 0.8550534796875 0.74727953125 0.8492429171874999 0.7346217359375 0.6635360484375
1 0.55325990625 0.631325284375 0.5440455359375 0.6295341921875 0.469537975 0.6157694453125 0.469492978125 0.6160009359374999 0.474401575 0.77542245 0.4753767171875 0.7955513 0.5617418390625 0.81761640625 0.5669944921875001 0.8186374187500001 0.567272075 0.8172093765625 0.55325990625 0.631325284375
1 0.3830389453125 0.7828800828125 0.41451168281250006 0.7889977625 0.4721450046875 0.7988890578125 0.47279689375 0.7955353796875 0.46672885468749997 0.6178537484375 0.38674189531250003 0.5989574625 0.38123905156250004 0.5978878171875001 0.3830389453125 0.7828800828125
0 0.19973399218750001 0.560113628125 0.1949290953125 0.749498721875 0.22966567656249998 0.756250828125 0.2888413484375 0.7674353593750001 0.2900112578125 0.7614166984375 0.2889641375 0.58390891875 0.19973399218750001 0.560113628125
0 0.5552699875 0.6337178437500001 0.56974559375 0.82235566875 0.598404075 0.8279263125 0.66028290625 0.8382279859375 0.6611447296875 0.8337942875 0.649481865625 0.6484623765624999 0.5552699875 0.6337178437500001
1 0.12392222500000001 0 0.121461096875 0.05554294375 0.1972177234375 0.070268540625 0.1982907 0.0704660046875 0.1987245828125 0.06823387187499999 0.1996277078125 0 0.12392222500000001 0
1 0.200981590625 0 0.200084671875 0.07082581875 0.2765120375 0.08568179375 0.2773077140625 0.08158839062499999 0.276850509375 0 0.200981590625 0
1 0.91216819375 1 0.9348960890625 0.8830751140625 0.8452345906250001 0.8715727 0.8568103046875001 1 0.91216819375 1
0 0.277372465625 0 0.277307475 0.0880154265625 0.35386026875 0.10538931874999999 0.35411055 0.10410173125 0.3501776859375 0.001627346875 0.34249291249999997 0 0.277372465625 0
1 0.42262690625 0.018165271875 0.3509648515625 0.001467875 0.35382638125 0.10534441875 0.415472815625 0.1190600125 0.4271649359375 0.1213327296875 0.42783809687499996 0.11786961874999999 0.42262690625 0.018165271875
1 0.42309619062500003 0.0179878421875 0.4283777609375 0.1215684796875 0.503854559375 0.1362396828125 0.5044357390624999 0.1332497765625 0.5003236656250001 0.038855354687499996 0.42309619062500003 0.0179878421875
1 0.764866434375 1 0.749564296875 0.8585608109375 0.6639673921875 0.8414005031249999 0.6758511781250001 1 0.764866434375 1
1 0.6730680296875 1 0.6600224578125 0.8414954578125 0.6579075 0.8410843515625 0.5704425234375 0.8289052078125 0.5825861578125 1 0.6730680296875 1
1 0.8554459234375 1 0.841882684375 0.871002396875 0.7551534703125 0.8578679140625001 0.7551049328125 0.8581176234375001 0.767769884375 1 0.8554459234375 1
1 0.5803426578125 1 0.5664635015624999 0.8268412765625 0.4802803328125 0.8069872234375 0.48576409218750005 0.9939871468750001 0.513327721875 1 0.5803426578125 1
1 0.10118800624999999 0.732088734375 0.0929966046875 0.9254696671874999 0.18922518125 0.9441746078125 0.1901774546875 0.9392755828125001 0.18891228437500002 0.7496625609375 0.10118800624999999 0.732088734375
1 0.1914976625 0.7523297234374999 0.19121460625 0.7537859171875 0.19287438750000002 0.9448839421875 0.2889216921875 0.9635536468750001 0.28918642031249997 0.9621917328125 0.2846158453125 0.77011555 0.26729883593750003 0.7667494640625 0.1914976625 0.7523297234374999
1 0.285976721875 0.7708896140625 0.28984926093749996 0.9637339468749999 0.387084409375 0.9826345453125 0.3879139296875 0.9783670328125 0.3807644640625 0.7912028156249999 0.285976721875 0.7708896140625
1 0.4845385484375 1 0.47643249687499994 0.80668543125 0.3841699515625 0.790504340625 0.3886228390625 0.9877088203125 0.451855478125 1 0.4845385484375 1
1 0 0.90924068125 0.029547875 0.9163199734375 0.0873986 0.9275650140625 0.0884333625 0.9222416234375 0.0983907109375 0.7320635890625 0.0020506265625 0.7158485484375 0 0.7423490140625 0 0.90924068125
1 0.7188769859375 0.0749801328125 0.726740021875 0.1859312078125 0.7620194062500001 0.192788825 0.7972669171875 0.19901688281250002 0.79805131875 0.1949814875 0.7876355046875 0.086211815625 0.7188769859375 0.0749801328125
1 0.5012686734375 0.0385749453125 0.5044422281250001 0.13476216875 0.556092184375 0.14480190312500002 0.57630033125 0.1484129078125 0.576601059375 0.146865803125 0.56818403125 0.052833665625000005 0.5012686734375 0.0385749453125
1 0.8492397921875 0.10230606093750001 0.7892690531250001 0.088113803125 0.798516875 0.20139830937499997 0.8027158234374999 0.20229115156250002 0.8704740578125 0.21546201874999998 0.87069155625 0.2143430890625 0.8492397921875 0.10230606093750001
1 0.7149935734375 0.0776336046875 0.6424551468749999 0.067186009375 0.6521456640625 0.16808988593750002 0.719776228125 0.1829858375 0.723826259375 0.183773084375 0.724984809375 0.177812859375 0.7149935734375 0.0776336046875
1 0.6400792859375 0.06796538437500001 0.569992528125 0.0528230421875 0.578399221875 0.1511046109375 0.6139981453125001 0.159241171875 0.6508004984375 0.166394825 0.6512196421875001 0.1642385171875 0.6400792859375 0.06796538437500001
1 1 0.1744657 0.991112515625 0.13347024999999998 0.9217071609374999 0.11640793125 0.9456137281249999 0.23006769062500002 1 0.24063931093750002 1 0.1744657
1 0.9082063437500001 0.1145577828125 0.8542673765625001 0.1051628 0.8703108234375 0.2202055234375 0.8762314281249999 0.221356371875 0.9422038578124999 0.231318603125 0.9427428390625 0.2285457875 0.92314671875 0.1413677390625 0.9170563312500001 0.11627804687500001 0.9082063437500001 0.1145577828125