1 0.9653308875000001 0.2731493484375 0.89804616875 0.2649115171875 0.9207421546875001 0.37841692656250003 0.9542413515625 0.38277648750000004 0.9895471015625 0.386487271875 0.9900210859374999 0.38197760937499997 0.9653308875000001 0.2731493484375
1 0.91791443125 0.380404621875 0.8903214234375 0.26490094375 0.8229777328125 0.259129534375 0.8499862765625 0.37458983125 0.91791443125 0.380404621875
1 0.5790188078125 0.23711085937499998 0.574323490625 0.2366173625 0.596169034375 0.3524601890625 0.6720359203124999 0.3579957125 0.672335284375 0.3551474609375 0.6509855890625 0.24661522812499997 0.5790188078125 0.23711085937499998
1 0.7311456749999999 0.2534511203125 0.655395646875 0.2453865953125 0.67686995625 0.356375809375 0.72922176875 0.365410403125 0.7542487890625 0.3680408484375 0.754505596875 0.3655974875 0.7311456749999999 0.2534511203125
1 0.7356749812500001 0.2526145578125 0.7594126578125 0.3717258078125 0.8393888625000001 0.3801316453125 0.8395380093749999 0.37871260156250003 0.8142265546875 0.26044532187499997 0.7356749812500001 0.2526145578125
1 0.5175029796875 0.3475289765625 0.5955464078125 0.353288815625 0.5958109609375 0.3507717546875 0.5744189953125 0.2382050140625 0.498965253125 0.23027450625 0.5175029796875 0.3475289765625
1 0.41500394218750003 0.2238919921875 0.432840671875 0.342115028125 0.44228639531249997 0.3431078140625 0.5142945703125 0.3490481703125 0.5144576796875 0.347496290625 0.4970333453125 0.2300690328125 0.41500394218750003 0.2238919921875
0 0.182038490625 0.3346079375 0.1714205640625 0.1959044984375 0.0906748546875 0.186640703125 0.0991673578125 0.32589782968750003 0.182038490625 0.3346079375
1 0.1720763328125 0.19687459062499998 0.17194757031250002 0.19809968125 0.1837076234375 0.33886967968750004 0.258973675 0.34740747031249997 0.267706790625 0.34832535781249996 0.26816692343750004 0.3439474890625 0.2585541796875 0.20745733125000002 0.175219453125 0.1972049453125 0.1720763328125 0.19687459062499998
0 0.3348247234375 0.21496929687500002 0.3522040609375 0.35877748593750003 0.4307072140625 0.3670285 0.431230484375 0.36204990625 0.41243574375 0.2207953078125 0.3348247234375 0.21496929687500002
0 0.269089878125 0.3494524125 0.3501533109375 0.3561474375 0.35063149375 0.3515978375 0.33249396875000004 0.2160419328125 0.258744678125 0.206736415625 0.269089878125 0.3494524125
1 0.8439498453125 0.38411818593749997 0.8734588671875001 0.5376810015625 0.957021821875 0.546463821875 0.9572033765624999 0.544736446875 0.9220430343749999 0.390727859375 0.8439498453125 0.38411818593749997
1 1 0.40086849375 0.925661496875 0.3900419796875 0.9598581312500001 0.5538465687499999 0.98241139375 0.5585590140625001 0.9948903781249999 0.5598706078125 1 0.5112558046875 1 0.40086849375
1 0.5189781859375 0.35669250468749997 0.5391025625 0.5056809515625 0.5546668703125001 0.5073168265625 0.622862471875 0.5119401078125 0.6232202375 0.5085362 0.595458746875 0.363920196875 0.576085078125 0.36188394218750003 0.5189781859375 0.35669250468749997
1 0.8397119328124999 0.391591790625 0.7573748609375001 0.38314250781250003 0.7573434296875 0.38344155 0.7915467890625 0.532213909375 0.8037214171875 0.5334935140625 0.8702272578124999 0.5351663624999999 0.8704227187500001 0.5333066718749999 0.8397119328124999 0.391591790625
1 0.674818415625 0.37390191875 0.5984014421875 0.36493240312499997 0.6231851749999999 0.5100583546874999 0.70306978125 0.5244857078125 0.7047934890625001 0.5246668765625 0.705457125 0.5183528015625 0.674818415625 0.37390191875
0 0.6781813515625 0.3766659046875 0.7086345765625001 0.525070590625 0.788706275 0.533486465625 0.7889969828125001 0.53072055625 0.754152928125 0.383187778125 0.6781813515625 0.3766659046875
1 0.51497211875 0.3561526609375 0.43637493281250006 0.34978796874999996 0.43787153281249996 0.371248725 0.45556748750000003 0.5031854874999999 0.473198996875 0.505038634375 0.5352735843749999 0.5082001453125 0.5361399671875 0.49995705468749996 0.51497211875 0.3561526609375
1 0.01706460625 0.3136840875 0.016112137500000002 0.4585679765625 0.0820671796875 0.46550013124999995 0.102791190625 0.46742856718750003 0.10332404218749999 0.46235882031250003 0.0993896859375 0.3247351265625 0.01706460625 0.3136840875
0 0.10226624687500001 0.33060239375 0.10758127656250001 0.4666106640625 0.1270452453125 0.468656409375 0.19322495625 0.47399749375000005 0.19364967187499998 0.4699565984375 0.1858061859375 0.3426516953125 0.10226624687500001 0.33060239375
0 0.35265811875 0.3613750578125 0.270497340625 0.3516712171875 0.27038303125 0.352758790625 0.28267117656249996 0.483442246875 0.3688156984375 0.4924964015625 0.36892241875 0.491481021875 0.35265811875 0.3613750578125
0 0.2694422953125 0.35071306875 0.187131728125 0.34152973124999997 0.1963969546875 0.47674368281249996 0.22770319843750003 0.48080709375 0.28146838125 0.4864580421875 0.28151513281249996 0.48601322812500003 0.2694422953125 0.35071306875
0 0.3694494640625 0.49214794531250006 0.45108872812499995 0.501969140625 0.4517165125 0.495996171875 0.4329968 0.37114923125 0.35406313749999996 0.363045003125 0.3694494640625 0.49214794531250006
1 0.8495588656249999 0.652363690625 0.8775368125 0.8381909890625 0.938809853125 0.8446310453124999 0.9600534625 0.84647748125 0.96033998125 0.8437514374999999 0.92118803125 0.6632307859375 0.8495588656249999 0.652363690625
1 0.20153839218749997 0.5857408796875 0.11232981875 0.573127178125 0.1197969703125 0.761341365625 0.1526769921875 0.7651473640625001 0.213795225 0.77157115 0.21422661875000001 0.7674667078125 0.20153839218749997 0.5857408796875
1 0.7718787625 0.643003390625 0.7966067109375 0.8328271046875001 0.8152508734374999 0.8347866859374999 0.8744552484374999 0.838745603125 0.8750113078125 0.8334550437500001 0.8455303734375 0.6524680828125 0.7718787625 0.643003390625
1 0.2992427078125 0.5967618156250001 0.3142521796875 0.7837007078125 0.40632051718750006 0.7933774796875 0.40668036562500004 0.7899537546875 0.38711649531250003 0.601566009375 0.2992427078125 0.5967618156250001
0 0.018508959375 0.5668693171875 0.022675078125 0.7530547203125 0.0392046625 0.7547920484375 0.117706540625 0.7590128515625 0.118637925 0.7501513328125 0.10976560937499999 0.574183103125 0.018508959375 0.5668693171875
0 0.7479820359375 0.6424651124999999 0.6643362703125 0.6346739203125 0.6915209953125 0.8232458484375 0.70071038125 0.8243191015625 0.776158346875 0.832249003125 0.776777084375 0.8263621125 0.7479820359375 0.6424651124999999
1 0.4081386421875 0.791997465625 0.44002480625 0.7953488375 0.49830089843750003 0.8001794171875 0.49865801562499995 0.796781684375 0.47712709374999995 0.62030505 0.3957975875 0.6084519937499999 0.390222459375 0.6078660234375 0.4081386421875 0.791997465625
0 0.2061158421875 0.586054784375 0.2178352296875 0.7751379843749999 0.2530281109375 0.77883690625 0.31295339843750003 0.7848213765625001 0.3135942953125 0.7787236531249999 0.2970803375 0.6019826078125 0.2061158421875 0.586054784375
1 0.5667139453125001 0.628391909375 0.5975753375 0.815050278125 0.626610278125 0.8181019734375001 0.6891514921875 0.8229713515625001 0.6896236140625 0.8184794109375 0.661852390625 0.6348692296875 0.5667139453125001 0.628391909375
0 0.5642495390625 0.6283669171875 0.4795050265625 0.6202562406250001 0.4794803765625 0.620490771875 0.4982647953125 0.7788778296875 0.5009905703124999 0.79884509375 0.5942392390625 0.814168146875 0.5944238656249999 0.8124115468750001 0.5642495390625 0.6283669171875
1 0.080283803125 0 0.0841645671875 0.09022607656250001 0.1609163375 0.0982930125 0.162002440625 0.0983962078125 0.16224012968749998 0.0961347546875 0.1551100984375 0 0.080283803125 0
1 0.15645149687499998 0 0.1638209453125 0.0985983 0.24125226562500002 0.10673665937500001 0.2416881515625 0.102589484375 0.232857471875 0.0077767671875 0.159083725 0 0.15645149687499998 0
1 0.9502020218749999 1 0.9666283734375 0.84371370625 0.8763055625 0.840069578125 0.904938684375 1 0.9502020218749999 1
0 0.24224806562499998 0.10899208593750001 0.3200237875 0.1196278484375 0.320160896875 0.11832334687499999 0.307311765625 0.0165816796875 0.23345020625 0.0075695875 0.24224806562499998 0.10899208593750001
1 0.3809266703125 0.026742307812499998 0.3080820375 0.016354209375 0.319986115625 0.11958607343750001 0.382593359375 0.12787663437500002 0.39443906875 0.1291216671875 0.39480783750000004 0.1256130640625 0.3809266703125 0.026742307812499998
1 0.38137870625 0.026524653125 0.395667825 0.12925081562500002 0.472136090625 0.1372879546875 0.472454471875 0.134258771875 0.46013102968749997 0.0405819390625 0.38137870625 0.026524653125
1 0.812372578125 1 0.7798652640625 0.8354454171875 0.6930984609374999 0.825810671875 0.721576665625 1 0.812372578125 1
1 0.7188924328125 1 0.6891768140625001 0.8262490890624999 0.6870340734375 0.8260238765624999 0.5988404468749999 0.821514153125 0.627300884375 1 0.7188924328125 1
1 0.9040641109375 1 0.8729167078125 0.83979358125 0.785372778125 0.8342680281250001 0.7853461890625 0.8345210171874999 0.8148252156250001 1 0.9040641109375 1
1 0.6251181859375 1 0.5946966828125 0.819804871875 0.507111071875 0.8075377265625001 0.5288720812500001 0.99334811875 0.5807552296875 1 0.6251181859375 1
1 0.122933471875 0.7659643218750001 0.1316275015625 0.959323309375 0.229120140625 0.9695702 0.22964181250000001 0.9646068203124999 0.21185559375000002 0.7758256 0.122933471875 0.7659643218750001
1 0.21466359062499998 0.778257284375 0.21450852812500001 0.77973260625 0.2328172828125 0.969958784375 0.33012627031249997 0.9801863718750001 0.33027129375 0.9788065687499999 0.30897756875 0.78785964375 0.2914330828125 0.78601564375 0.21466359062499998 0.778257284375
1 0.31040073125 0.7885121546875 0.33106602500000004 0.98028514375 0.42957845937499994 0.9906392171875 0.4300328859375 0.9863156468750001 0.4065981890625 0.8004867625 0.31040073125 0.7885121546875
1 0.528247359375 1 0.503251575 0.80757244375 0.409929840625 0.7994941390625 0.4315532875 0.9955601 0.473796109375 1 0.528247359375 1
1 0.12014462968749999 0.7661830734375 0.022757914062500002 0.7584263265625 0.0246746734375 0.949340128125 0.0676227640625 0.9557383546875 0.12623341875 0.9618985828125 0.12680027968750002 0.9565052625 0.12014462968749999 0.7661830734375
1 0.681001171875 0.057521075 0.698504309375 0.16736463906250001 0.734247125 0.17112136093750002 0.7699033187500001 0.17425369531249998 0.770333028125 0.17016529062500002 0.750476946875 0.06271731875 0.681001171875 0.057521075
1 0.4610480015625 0.040220234375000004 0.47259275 0.13576484375 0.52492118125 0.141264784375 0.5453671515625 0.143100790625 0.5455318953125 0.14153336249999998 0.52895145625 0.0485926375 0.4610480015625 0.040220234375000004
1 0.81324951875 0.073381153125 0.75227005 0.06446969531249999 0.7713560765625 0.17651711875 0.7756168625 0.1770406015625 0.8442651734375 0.1842558296875 0.844384321875 0.183122203125 0.81324951875 0.073381153125
1 0.6773638 0.06050291249999999 0.6041908375 0.0564172140625 0.62263883125 0.1560925359375 0.6913103078125 0.16503741249999998 0.6954135406249999 0.1654686796875 0.6960482140625001 0.159430159375 0.6773638 0.06050291249999999
1 0.60189194375 0.057400692187500005 0.530752146875 0.048424435937499996 0.5476926515625 0.1455993203125 0.583865259375 0.15060226875 0.62115105 0.1545211640625 0.6213806640625 0.1523365296875 0.60189194375 0.057400692187500005
1 0.8866701859375 0.0811134140625 0.9203918828125 0.19225706874999998 0.9903355765624999 0.1996084484375 0.9904165671875 0.1988378703125 0.9572985109375001 0.09206173125 0.8866701859375 0.0811134140625
1 0.8730594921874999 0.0804469796875 0.8185069515625001 0.0757888375 0.8445159828125 0.1889955109375 0.8505143609375001 0.189625965625 0.9171040125 0.1938004109375 0.917399275 0.190991171875 0.8902796578125001 0.1058527765625 0.8820257343750001 0.0813893703125 0.8730594921874999 0.0804469796875
1 1 0.09614831874999999 0.959855040625 0.09179994375 0.9910238546875 0.2004434828125 1 0.201923709375 1 0.09614831874999999