1 0.9437888265625001 0.233456325 0.8760421718750001 0.2311140890625 0.908544440625 0.34220949218749996 0.9422961234375 0.34363281562500003 0.977790940625 0.34425238125 0.977870078125 0.33971856875 0.9437888265625001 0.233456325
1 0.9059007171875001 0.34443607656249997 0.8683458999999999 0.2317768125 0.8007554609374999 0.2318967546875 0.8377242562499999 0.344563740625 0.9059007171875001 0.34443607656249997
0 0.55580581875 0.23122428906249998 0.5510853578125 0.23114189375 0.5829441390625 0.3446399390625 0.6590047828125 0.3435421640625 0.659054765625 0.340678659375 0.6283271046875 0.234420171875 0.55580581875 0.23122428906249998
1 0.7087779453125 0.234243640625 0.6326132984374999 0.232811853125 0.6636792390624999 0.34150711093749997 0.716619253125 0.34594456406249996 0.741780296875 0.3463837515625 0.7418231750000001 0.3439273046875 0.7087779453125 0.234243640625
1 0.7132171046875 0.23301550624999998 0.74724568125 0.3496046265625 0.8276501703125 0.3510080921875 0.827675071875 0.34958144999999996 0.7921522624999999 0.2339702515625 0.7132171046875 0.23301550624999998
1 0.50414765 0.3465836890625 0.582396103125 0.345519678125 0.5824402734375 0.3429891375 0.5513188718750001 0.23271518124999999 0.4754610640625 0.231391078125 0.50414765 0.3465836890625
1 0.3912629796875 0.2323505609375 0.4193356515625 0.34856915 0.4288319578125 0.3487349078125 0.50108385625 0.348376734375 0.5011110890625 0.34681654375000004 0.47351859999999996 0.2313547625 0.3912629796875 0.2323505609375
0 0.16883356249999998 0.362949475 0.1461672390625 0.22569925781250003 0.0649213984375 0.22350816718750002 0.08551864218750001 0.3614952078125 0.16883356249999998 0.362949475
0 0.1469050609375 0.2266085046875 0.1468835625 0.22784015625 0.170867778125 0.3670495265625 0.24659153749999999 0.36899495937500004 0.25537142031250004 0.36914821249999996 0.2554482453125 0.3647469 0.2339761796875 0.22961393437500002 0.15006501249999998 0.22666366249999997 0.1469050609375 0.2266085046875
0 0.310611203125 0.2304498984375 0.340458115625 0.3721961453125 0.4193816640625 0.3735737609375 0.41946903124999996 0.36856850625000004 0.388434659375 0.22948949375 0.310611203125 0.2304498984375
0 0.256847475 0.370150434375 0.33818594687500003 0.3697548390625 0.3382657859375 0.3651808765625 0.3083828046875 0.2317215921875 0.234103121875 0.228879159375 0.256847475 0.370150434375
0 0.8325412468750001 0.354581946875 0.8753218593750001 0.5049885296875 0.9593323046875 0.5064549375 0.9593626171875 0.5047183109375 0.9109133375 0.3543601984375 0.8325412468750001 0.354581946875
1 1 0.3582731765625 0.9144582531250001 0.3533615578125 0.9628012703125 0.5135623890625001 0.985679428125 0.5162912562499999 0.9982252390624999 0.51651024375 1 0.4148342453125 1 0.3582731765625
1 0.506415896875 0.355583775 0.5394488921875 0.5022513203125001 0.55509655 0.5025244515625 0.6234355921875 0.5011865015625 0.6234953265625001 0.497764365625 0.5832353609375 0.35611824375 0.56375794375 0.3557782640625 0.506415896875 0.355583775
1 0.828970828125 0.3623964703125 0.7462106703125 0.3611554890625 0.7462054218749999 0.3614561328125 0.7932449921875 0.5066813484375 0.8054848171875 0.5068949953125 0.87188338125 0.5027651125 0.8719160171875 0.5008954625 0.828970828125 0.3623964703125
1 0.66316300625 0.35914533125000003 0.586255078125 0.35687012500000004 0.6235930609375 0.49928378437500004 0.704431109375 0.506693834375 0.7061640484375 0.5067240828124999 0.7062748515624999 0.5003761953125 0.66316300625 0.35914533125000003
1 0.6667540421875 0.36160570000000003 0.7100257046875 0.5067914890624999 0.7905261968749999 0.5081966296875 0.7905747359374999 0.5054159078125 0.74300494375 0.361481396875 0.6667540421875 0.36160570000000003
1 0.502378025 0.3553951375 0.4235252046875 0.3559048609375 0.4268865375 0.377153515625 0.4560142 0.507045915625 0.4737401296875 0.507355321875 0.535854046875 0.505094646875 0.5359987015625001 0.49680741250000005 0.502378025 0.3553951375
1 0.0026638203124999997 0.35648366875000004 0.0143424375 0.50089924375 0.080650678125 0.5020566578125 0.101463903125 0.502171540625 0.10155286875 0.4970746453125 0.0856387890625 0.3603175515625 0.0026638203124999997 0.35648366875000004
0 0.08901577031249999 0.3659117828125 0.10616447656250001 0.500939265625 0.1257326765625 0.5012808296875 0.192126059375 0.5008336484375 0.192196971875 0.4967711125 0.1732879796875 0.3706342484375 0.08901577031249999 0.3659117828125
1 0.3411368390625 0.3747442578125 0.2584429625 0.3722381265625 0.2584238765625 0.373331525 0.28205507500000004 0.502446709375 0.3686609125 0.5039584203125 0.36867873125 0.502937603125 0.3411368390625 0.3747442578125
0 0.2573084234375 0.371375578125 0.17451069218749998 0.369401025 0.195525334375 0.5032929296875001 0.2270665984375 0.5046123578125 0.2811197 0.5055558578125 0.28112750625 0.5051086625 0.2573084234375 0.371375578125
1 0.369261896875 0.503556053125 0.45144647187500003 0.5062245453124999 0.45155128906249997 0.5002195921875 0.4220216828125 0.3774792609375 0.3426820578125 0.37628539375000003 0.369261896875 0.503556053125
1 0.861508059375 0.6213178375 0.9055754578125 0.8039995687499999 0.9671766249999999 0.8050748203125 0.988500321875 0.805062728125 0.9885481609375001 0.8023220859375 0.933811784375 0.6259006874999999 0.861508059375 0.6213178375
1 0.21014693750000002 0.611427253125 0.12017847343750002 0.606636590625 0.1440211578125 0.793483759375 0.1771077765625 0.79440959375 0.23855330624999999 0.7954821296875 0.2386253328125 0.7913557078125 0.21014693750000002 0.611427253125
1 0.7833077484375 0.618763425 0.824485825 0.8057096203125 0.8432298312500001 0.8060367968750001 0.9025539578125 0.8048206484374999 0.9026467984375 0.7995017578125 0.8575039953125 0.6217729390625 0.7833077484375 0.618763425
1 0.308439996875 0.6138907578125 0.339685153125 0.7988101296875 0.43224652812500003 0.8004257953125 0.432306609375 0.796983734375 0.3963981125 0.611017965625 0.308439996875 0.6138907578125
0 0.026169221875 0.60857956875 0.046546615624999996 0.793693378125 0.06316471875 0.7939834484375 0.141735740625 0.7913463000000001 0.14189124687500002 0.7824373265625 0.117716053125 0.6079119828125 0.026169221875 0.60857956875
1 0.7594550421874999 0.62030993125 0.6754485265625 0.619838596875 0.7189649328125001 0.8053236453125001 0.7282128890624999 0.8055919078124999 0.8040648890625001 0.806915909375 0.8041681953125 0.80099749375 0.7594550421874999 0.62030993125
1 0.4339374578125 0.798892571875 0.465994378125 0.799452128125 0.524469725 0.79918523125 0.52452935 0.7957693031249999 0.4876994078125 0.6218407578125 0.4056463234375 0.6171211390625 0.4000413390625 0.6170233046875 0.4339374578125 0.798892571875
0 0.2147343296875 0.6113410125 0.24288880625 0.79868328125 0.2782701515625 0.799300865625 0.3384889859375 0.80003973125 0.33859599218750003 0.793909353125 0.306740878125 0.619280146875 0.2147343296875 0.6113410125
0 0.577650171875 0.6220888359375001 0.6246624749999999 0.805347165625 0.6538529015625001 0.8058566875000001 0.716580521875 0.8052567093749999 0.7166593484375 0.8007407140625 0.672991121875 0.620249646875 0.577650171875 0.6220888359375001
1 0.5751929640625 0.6222787265624999 0.4900640375 0.6215848828125 0.490059921875 0.6218206703125 0.522577203125 0.7779678484375 0.5270328671875 0.7976215640625 0.6212621875 0.8047591515624999 0.6212930140624999 0.80299314375 0.5751929640625 0.6222787265624999
1 0.0372383546875 0.030355234375 0.0500327953125 0.1280278359375 0.1271955828125 0.1293747171875 0.12828654687500002 0.1293828609375 0.1283262328125 0.12710929531249998 0.11275045624999999 0.031382964062500004 0.0372383546875 0.030355234375
1 0.1141357328125 0.031568085937500004 0.1301157453125 0.12942568906250002 0.20796172031250001 0.1307844953125 0.208034496875 0.1266151125 0.19097394843749999 0.03293283125 0.1141357328125 0.031568085937500004
1 0.9545613375 0.99082044375 0.9914976078125 0.9914651687499999 0.994809334375 0.8017364296875 0.9045126234374999 0.80597831875 0.9545613375 0.99082044375
0 0.2091503046875 0.13294455 0.287557034375 0.13676123906249998 0.2875799265625 0.13544975312500002 0.2659123203125 0.03521511875 0.1915463703125 0.032674778125 0.2091503046875 0.13294455
1 0.3401326546875 0.038921121875 0.266659834375 0.0349213796875 0.2875158640625 0.13672290625 0.35060743906249997 0.1395253375 0.3625165828125 0.13973321249999998 0.36257815312499997 0.1362058203125 0.3401326546875 0.038921121875
1 0.340564 0.038664896875 0.36375192031250003 0.1397547765625 0.440629684375 0.1410966828125 0.4406828421875 0.1380512796875 0.4202418203125 0.0458049734375 0.340564 0.038664896875
1 0.8600693234375001 0.9891710796875 0.8080362859375001 0.80977708125 0.720759934375 0.8077412234375 0.7665400265625 0.9875385187499999 0.8600693234375001 0.9891710796875
1 0.626486134375 0.8116761828125 0.670893240625 0.9889944749999999 0.6925065375 0.9893717359374999 0.763372534375 0.9894785046875001 0.7634355 0.9858712734375 0.716891421875 0.8085197656249999 0.7147372062499999 0.8084821640625 0.626486134375 0.8116761828125
1 0.9567496984374999 1 0.9011126078125 0.8059987328125 0.8134202265624999 0.8081241609375001 0.8134157875 0.8083785046875 0.8650594265624999 0.9997661671875001 0.8720277046874999 1 0.9567496984374999 1
1 0.5717603359375001 0.9889544125 0.6346690453125 0.9914876546875 0.6694954859375 0.992095553125 0.6222091640625 0.8103345578125 0.5338876906250001 0.8057476828125001 0.5717603359375001 0.9889544125
1 0.1475486421875 0.7978157609375 0.173061934375 0.989681225 0.271076659375 0.9913920781250001 0.271163759375 0.9864021203125001 0.2369918546875 0.799889440625 0.1475486421875 0.7978157609375
1 0.240001103125 0.8020671374999999 0.2399752125 0.8035503593750001 0.2747936015625 0.9914569578125001 0.372623690625 0.9931645874999999 0.37264790468750003 0.991777396875 0.3347930875 0.803412953125 0.31715464843749996 0.8031050734375 0.240001103125 0.8020671374999999
1 0.3362677046875 0.8039389437500001 0.373568478125 0.9931810796875 0.47260846093750003 0.9949098281250001 0.4726843328125 0.9905631046875 0.4331427578125 0.8074838234374999 0.3362677046875 0.8039389437500001
1 0.57253484375 1 0.57254533125 0.9993991781249999 0.53004590625 0.80611864375 0.43637522031250003 0.8062046046875 0.47500465625 0.9996398687499999 0.4956365546875 1 0.57253484375 1
1 0.144789478125 0.7982767421875 0.047097303125000003 0.799037325 0.06564600312499999 0.9890575859374999 0.10898830468750001 0.9916882921875001 0.1679128265625 0.9927168234374999 0.168007471875 0.9872946203125 0.144789478125 0.7982767421875
1 0.641747828125 0.04342955 0.6687578578125 0.15132962656249999 0.7046920812499999 0.1519568609375 0.74048559375 0.151969634375 0.740557340625 0.1478593359375 0.7114121109375 0.04255080625 0.641747828125 0.04342955
1 0.421123778125 0.045364725 0.44095185781249996 0.1395395671875 0.49356051562500003 0.14045785625 0.5140887000000001 0.140504890625 0.51411620625 0.13892907031249999 0.48949854375 0.047787093749999995 0.421123778125 0.045364725
1 0.7748752265625 0.047703071875 0.71335111875 0.0441402359375 0.7421300937499999 0.154097828125 0.7464202906249999 0.1542479671875 0.8154362234375 0.1554526453125 0.8154561171875001 0.154312946875 0.7748752265625 0.047703071875
1 0.6383841828125 0.046717057812500004 0.5651335734375 0.04902435 0.59219864375 0.14671252968749998 0.6613884015625 0.1496382546875 0.6655136078125 0.149710259375 0.665619575 0.143639403125 0.6383841828125 0.046717057812500004
1 0.5629291421875 0.05020444843750001 0.49127772187499996 0.047462590625 0.5166231125 0.14279123437500002 0.5530941078125 0.14462249375 0.5905795687500001 0.14527680468749998 0.59061790625 0.14308047343750002 0.5629291421875 0.05020444843750001
1 0.8486904171875 0.0490068765625 0.8919706 0.1567885578125 0.962288853125 0.1580159671875 0.9623023749999999 0.15724126249999998 0.9200041890625 0.053757867187499996 0.8486904171875 0.0490068765625
1 0.835073434375 0.049529228125000005 0.7803224984375 0.0496433796875 0.8160991687499999 0.16015243125 0.82212966875 0.16025769375 0.888829753125 0.15861258281249999 0.8888790500000001 0.1557883 0.8544423312499999 0.07333751250000001 0.8440876906250001 0.0496865734375 0.835073434375 0.049529228125000005
1 1 0.054872709374999995 0.9225281734375 0.0532742609375 0.963047290625 0.1587878375 1 0.161607953125 1 0.054872709374999995