1 0.98649410625 0.3230323828125 0.92043906875 0.3078065109375 0.9311461781249999 0.423062503125 0.9640061640625 0.43089980156249996 0.998730621875 0.4382807125 0.9996733984375 0.4338452984375 0.98649410625 0.3230323828125
1 0.9281261734375 0.42474373125 0.9127577453125 0.3069885390625 0.846386246875 0.2942094140625 0.861177946875 0.41186036875000004 0.9281261734375 0.42474373125
0 0.6060653312500001 0.246810709375 0.6014473203125 0.24582912031249998 0.61106431875 0.3633208296875 0.6859369796875 0.376756278125 0.6865324265625 0.3739549203125 0.6766443953125 0.26378558750000003 0.6060653312500001 0.246810709375
1 0.7556508109375 0.27896304375000003 0.6811587203125 0.2630246625 0.6909138593749999 0.3756505421875 0.7420345109375 0.3901078984375 0.766649475 0.3953399703125 0.7671602765625 0.3929368375 0.7556508109375 0.27896304375000003
1 0.76024275 0.2786045046875 0.771399871875 0.3995445125 0.850059309375 0.4162640921875 0.8503559703124999 0.41486841406249997 0.8375454703124999 0.294603246875 0.76024275 0.2786045046875
1 0.5333446578125 0.35019378749999996 0.6103584890625 0.364079834375 0.6108846984375 0.361604215625 0.601376346875 0.24741805781249998 0.5271649125 0.2316439296875 0.5333446578125 0.35019378749999996
1 0.44433070625 0.216520034375 0.44971205156250005 0.335959878125 0.45900225624999996 0.337934571875 0.5299950250000001 0.3513692890625 0.53031945625 0.3498429609375 0.5252650671875 0.23123764218749998 0.44433070625 0.216520034375
0 0.2010684953125 0.30227794375 0.2050071921875 0.1632244625 0.125672146875 0.14557119062499999 0.1195617921875 0.284953159375 0.2010684953125 0.30227794375
0 0.2055579671875 0.1642577859375 0.205301853125 0.16546270624999998 0.2022830109375 0.30669081249999997 0.2762443046875 0.32304927656250004 0.28483363437500003 0.32487499531249997 0.2857488578125 0.3205692046875 0.2904558796875 0.18382194999999998 0.20864933593749999 0.16491487656249998 0.2055579671875 0.1642577859375
0 0.36552339218749996 0.19926520625 0.367775475 0.344102234375 0.4449861125 0.3605138625 0.44602692343749994 0.3556172390625 0.44210026718749995 0.2131718640625 0.36552339218749996 0.19926520625
0 0.2860913359375 0.326140446875 0.366010875 0.3412722328125 0.366962 0.336797540625 0.3630932859375 0.2000883375 0.29072069218749996 0.1831248953125 0.2860913359375 0.326140446875
1 0.8541786 0.4207055484375 0.8674742828124999 0.5765116625 0.9496614156250001 0.5939810765625 0.9500225359375 0.5922821421875 0.9311530875 0.4354419734375 0.8541786 0.4207055484375
1 1 0.4517346546875 0.9348234218749999 0.43513808281250005 0.9517104812499999 0.6016198562499999 0.9736476109375 0.60866394375 0.985921134375 0.6112727609374999 1 0.54503690625 1 0.4517346546875
1 0.533853934375 0.35946131875 0.5382945328125001 0.5097371609375 0.5536025828125 0.5129909875 0.6209413374999999 0.524717325 0.6216529484375 0.521369459375 0.6091600265625 0.3746438125 0.5901053359375 0.3705936125 0.533853934375 0.35946131875
1 0.8491826984375 0.427695228125 0.76817986875 0.41068566406249996 0.7681173515624999 0.4109797828125 0.7865823953125 0.5625123750000001 0.7985565734375 0.565057565625 0.8645232281249999 0.5736730031249999 0.864912009375 0.5718439328125 0.8491826984375 0.427695228125
1 0.6870415796875 0.392866196875 0.611980796875 0.37595806875000004 0.6214589687500001 0.5228796109375 0.699397890625 0.54557814375 0.70109321875 0.5459384968750001 0.7024132203125 0.53972838125 0.6870415796875 0.392866196875
0 0.690097178125 0.39596656406249997 0.7048710640625 0.546741503125 0.783624421875 0.563481046875 0.7842026546875001 0.5607606765625001 0.7649708546875 0.410393903125 0.690097178125 0.39596656406249997
1 0.5299262421875001 0.35850568437499997 0.4524249109375 0.343960215625 0.45167005156249995 0.36545984531250003 0.45547791875000004 0.498523575 0.47281913593749997 0.5022095640625001 0.534223203125 0.5118423187500001 0.535946478125 0.5037349453125 0.5299262421875001 0.35850568437499997
1 0.0391854921875 0.2642242515625 0.0230937515625 0.40821489062499994 0.0879628765625 0.42200324843750003 0.10837178437499999 0.4260873703125 0.1094316484375 0.4211010953125 0.11990443906249999 0.283820065625 0.0391854921875 0.2642242515625
0 0.122151946875 0.28995587343749996 0.11322112343749999 0.42577464843749996 0.132364628125 0.429843725 0.1976235046875 0.4420732140625 0.19846828125 0.43809885 0.2039747484375 0.31067146874999996 0.122151946875 0.28995587343749996
1 0.367955525 0.34673303906249997 0.287259159375 0.3284942171875 0.2870317953125 0.329563884375 0.2855924828125 0.46081590468750006 0.3703186796875 0.47882501250000004 0.37053095156250004 0.47782635156250003 0.367955525 0.34673303906249997
0 0.28631004843749996 0.3274310359375 0.20541030781249997 0.3096942078125 0.20049107031250002 0.4451359234375 0.2312010734375 0.4524494671875 0.284081040625 0.4636894515625 0.28417403124999996 0.4632519609375 0.28631004843749996 0.3274310359375
1 0.370985396875 0.4785447125 0.4511508375 0.4968457328125 0.45239952812500006 0.49097110781250003 0.4468324234375 0.3648513484375 0.36917829062499996 0.3485407 0.370985396875 0.4785447125
1 0.831717603125 0.6880678765625 0.8401180421875001 0.8758016859375 0.9003822546875 0.8886112390625 0.9213164828125 0.892668121875 0.92188638125 0.8899869609375 0.90181845625 0.706362728125 0.831717603125 0.6880678765625
1 0.19421103281250002 0.5540734484375001 0.10680964374999999 0.5322040109375 0.0945621515625 0.720167671875 0.12686421718750002 0.7273897203125 0.1869761703125 0.740166909375 0.18783423125 0.7361300453124999 0.19421103281250002 0.5540734484375001
1 0.75544145625 0.6706390734375 0.7601919625 0.8620076875 0.778529159375 0.865905378125 0.8369953859375 0.87603115 0.8381014140625 0.8708276968750001 0.8277002671875 0.6877506046875 0.75544145625 0.6706390734375
1 0.2902281125 0.5752468921875 0.2856149265625 0.76273063125 0.37616740625 0.7819781546875 0.376883159375 0.7786107999999999 0.37711834375 0.58921008125 0.2902281125 0.5752468921875
0 0 0.7020213046875 0.0150959265625 0.7052300421875 0.09272656875 0.7176334046874999 0.09457913125 0.7089177859375 0.1041491078125 0.5329861203124999 0.0141568703125 0.51617348125 0 0.6877013265625 0 0.7020213046875
1 0.7317319046875 0.6676058546875 0.6493587609375 0.65111398125 0.6566834328125 0.84149446875 0.665710290625 0.8435223953125 0.7399160453125 0.859295315625 0.741146740625 0.85350535 0.7317319046875 0.6676058546875
1 0.37811982187500004 0.780795746875 0.409480996875 0.7874617703125 0.4669329140625 0.7983573984375 0.46764323281250003 0.7950156078124999 0.46467709062500007 0.6172551375 0.3850320984375 0.5969657640625 0.37954876249999997 0.5958002453125 0.37811982187500004 0.780795746875
0 0.198730596875 0.5548641078125 0.19062120625 0.7441365 0.22523465625 0.7514938156250001 0.28420611875 0.7637094015625 0.2854808890625 0.7577120749999999 0.2875318671875 0.5802130562500001 0.198730596875 0.5548641078125
0 0.5529278703125 0.634662071875 0.5641090890625 0.8235238 0.5926659843750001 0.8295937562500001 0.6543556015624999 0.8409737953124999 0.6552946734375 0.8365558125 0.6468680734375 0.651048584375 0.5529278703125 0.634662071875
0 0.5504795765625 0.634379615625 0.4670471 0.6174551562499999 0.46699807031249996 0.6176858265625 0.4691236296875 0.7771687296875001 0.469747325 0.7973115328125 0.5608834734375 0.822297784375 0.5612507015625 0.8205701046874999 0.5504795765625 0.634379615625
1 0.13230470625 0 0.1292755953125 0.049004221875 0.20476368749999999 0.0650497109375 0.20583305468750002 0.0652658703125 0.20630582656250002 0.06304165 0.208241071875 0 0.13230470625 0
1 0.2095984171875 0 0.2076204734375 0.06565694062500001 0.283776925 0.08184449375 0.2846439203125 0.0777656 0.2855654515625 0 0.2095984171875 0
1 0.9048920171875 1 0.92814426875 0.890606753125 0.838697171875 0.8775412828125001 0.8475834062500001 1 0.9048920171875 1
0 0.28606327343750004 0 0.2845315140625 0.08419165468749999 0.3607694328125 0.1028989296875 0.36104214843750004 0.10161590625000001 0.358917365625 0 0.28606327343750004 0
1 0.3596988 0 0.3607363328125 0.1028534453125 0.422134009375 0.117642828125 0.43378468437500006 0.12011925625 0.4345181828125 0.11666842031249999 0.43104786562499997 0.0168883109375 0.36389212656250003 0 0.3596988 0
1 0.43152017656249997 0.0167190984375 0.43499320937499997 0.1203761359375 0.510202465625 0.13636235624999998 0.5108357375 0.13338305 0.5083717 0.0389312375 0.43152017656249997 0.0167190984375
1 0.7556881546875001 1 0.7432685390625 0.8628616984375 0.6579841578125001 0.84421013125 0.6669264015625 1 0.7556881546875001 1
1 0.66412480625 1 0.65403816875 0.8442362234375 0.65193070625 0.84378826875 0.5646916078124999 0.8300845046875001 0.5737744015625 1 0.66412480625 1
1 0.8461292828125 1 0.8353557296874999 0.8769125671875001 0.748868953125 0.8622664515625 0.7488160640625 0.862515275 0.7586733031249999 1 0.8461292828125 1
1 0.5715211953125 1 0.5607492125 0.8279514453125 0.4749256703125 0.8065963125 0.477144996875 0.993663459375 0.5039379734375 1 0.5715211953125 1
1 0.0971982390625 0.7250931578124999 0.085633125 0.918301678125 0.181520596875 0.9386831890625 0.1825582265625 0.9338015296875 0.184602453125 0.74419530625 0.0971982390625 0.7250931578124999
1 0.1871408875 0.746907184375 0.1868324609375 0.7483582156249999 0.18515686874999998 0.9394561031249999 0.28086371250000003 0.9597992203124999 0.2811521703125 0.9584421359374999 0.2799344828125 0.7663154375000001 0.2626788578125 0.762647640625 0.1871408875 0.746907184375
1 0.28128164375 0.767113134375 0.2817879953125 0.9599956828125 0.3786784734375 0.9805903890625001 0.3795823453125 0.9763380046875 0.375700434375 0.7890775171875 0.28128164375 0.767113134375
1 0.4758231609375 1 0.4710836875 0.8062274109375 0.37911759375 0.7884385828125 0.380128109375 0.9856907406250001 0.44744788281250003 1 0.4758231609375 1
1 0 0.9022760578125 0.0223537421875 0.90804604375 0.0799994015625 0.9202990078125 0.08112691250000001 0.9149944859374999 0.094401809375 0.7250191953125 0 0.7074309249999999 0 0.9022760578125
1 0.7262612703125 0.0788647953125 0.7321867453124999 0.1899362015625 0.7673410734375 0.197408484375 0.802474521875 0.20425074687500003 0.80332923125 0.20022965625000003 0.7948132953125 0.09129476875 0.7262612703125 0.0788647953125
1 0.5093214578125 0.0386673640625 0.51081583125 0.134895325 0.5622827015625 0.14583494531250002 0.5824247515625001 0.1497980796875 0.5827524328125 0.148256459375 0.5759777749999999 0.054091746875 0.5093214578125 0.0386673640625
1 0.8561273171874999 0.10846170625 0.7964134015625 0.09322497656249999 0.803682728125 0.206653625 0.807865453125 0.2076196140625 0.87538350625 0.22197101875 0.8756204984375 0.22085605625000002 0.8561273171874999 0.10846170625
1 0.7223321390625 0.0814500890625 0.649987096875 0.0697381140625 0.657915121875 0.1707957453125 0.7252754140625 0.1868697453125 0.7293110890625 0.1877275546875 0.730573484375 0.18178845625 0.7223321390625 0.0814500890625
1 0.6475979953125 0.07047590625 0.5777861828125 0.0541126875 0.5844763453125 0.1525260046875 0.61992784375 0.1612826125 0.65659974375 0.16907746562499998 0.6570564562500001 0.1669288015625 0.6475979953125 0.07047590625
1 1 0.1550158296875 0.9974345421875 0.1420971703125 0.9283375375 0.123826159375 0.9502568265625 0.23788583437500002 1 0.248459071875 1 0.1550158296875
1 0.9148710671875 0.1217406703125 0.8611042781249999 0.111405753125 0.8751375093749999 0.226710953125 0.8810371281249999 0.2279649546875 0.9468256453125001 0.23907704531250001 0.9474129359375001 0.236314059375 0.92934126875 0.14880728906250001 0.9236896828125 0.1236151265625 0.9148710671875 0.1217406703125