1 0.9765656140625 0.2978137765625 0.909804240625 0.28606582343750003 0.9265287093750001 0.4006034953125 0.959753834375 0.40671029374999995 0.994816990625 0.41226375312499997 0.9955263437499999 0.40778507656249996 0.9765656140625 0.2978137765625
1 0.9236008328124999 0.402440475 0.9020906359374999 0.285650984375 0.8351412890625 0.2763629875 0.85607009375 0.39307856874999997 0.9236008328124999 0.402440475
0 0.59266906875 0.241606665625 0.588006015625 0.24086810937499997 0.603758875 0.3576954859375 0.67923208125 0.3671939890625 0.6796801 0.3643653078125 0.664039803125 0.2548644578125 0.59266906875 0.241606665625
1 0.74373226875 0.2658862375 0.6685081187499999 0.2538683140625 0.6841442718749999 0.3658293 0.735951503125 0.37759139375 0.7608065578125001 0.3815280484375 0.7611908890625 0.379101475 0.74373226875 0.2658862375
1 0.7482991515624999 0.265287865625 0.7657704937500001 0.3854782125 0.8451971671875 0.3980581609375 0.8454203765624999 0.39664886875 0.8263332406250001 0.277218971875 0.7482991515624999 0.265287865625
1 0.5254587093749999 0.3486539671875 0.603093734375 0.358490390625 0.603489659375 0.355990625 0.588018296875 0.242458584375 0.5130830125 0.23059000156249998 0.5254587093749999 0.3486539671875
1 0.429570803125 0.2198220390625 0.4411957734375 0.33881655624999996 0.45057659218749996 0.3403023328125 0.5221751875 0.3500031640625 0.5224192921874999 0.3484619484375 0.51116450625 0.23028369999999998 0.429570803125 0.2198220390625
0 0.1911301984375 0.31819378125000003 0.187786 0.17912473125 0.1076357796875 0.165647728125 0.1088284875 0.305158471875 0.1911301984375 0.31819378125000003
0 0.1883901 0.1801278140625 0.18819739687499998 0.1813444875 0.192574 0.32253703906250003 0.26729006875 0.33500225 0.275963178125 0.3363759359375 0.2766518 0.33202814687500004 0.2741955734375 0.195221953125 0.19151162187499998 0.180622215625 0.1883901 0.1801278140625
0 0.3499684453125 0.20671531562499998 0.359797625 0.35123598437500003 0.43776136718750003 0.363584228125 0.43854448125 0.35863984375 0.4271681921875 0.21659518906250003 0.3499684453125 0.20671531562499998
0 0.277285384375 0.3375738296875 0.35788733281249996 0.3485022125 0.3586029671875 0.343983875 0.347584746875 0.2076644984375 0.274423540625 0.19451199531250002 0.277285384375 0.3375738296875
1 0.849543259375 0.40227794218749996 0.870974984375 0.5571746890625 0.9539637609374999 0.57031881875 0.9542354703125 0.5686033125 0.9271834999999999 0.4129656375 0.849543259375 0.40227794218749996
1 1 0.4262736859375 0.9308329015625001 0.4124700734375 0.9564098 0.5778398890625 0.9786855250000001 0.5837262234375 0.9910787624999999 0.58568911875 1 0.5293626437500001 1 0.4262736859375
1 0.5264523125 0.35788214375 0.5387516546875 0.5077196359375 0.5542090171875 0.5101678421875 0.622069196875 0.51835386875 0.62260461875 0.51497335 0.6024497906249999 0.3691026140625 0.5832092421875 0.36605521093750004 0.5264523125 0.35788214375
1 0.8449200156250001 0.4095195078125 0.7631379859375 0.3967726171875 0.763090946875 0.3970696046875 0.7894612890625 0.547428140625 0.8015522624999999 0.5493431625 0.867879409375 0.554494365625 0.86817193125 0.552647453125 0.8449200156250001 0.4095195078125
1 0.681178296875 0.3832240203125 0.605335478125 0.37026744218749996 0.6224899390624999 0.516491584375 0.7015099984375001 0.5350800015625 0.7032218625 0.535351134375 0.7042150421875 0.5290804453125 0.681178296875 0.3832240203125
1 0.6843919671875 0.38616022031249997 0.7070365578125 0.5359553234375001 0.786558065625 0.5485502921875 0.7869931328125 0.5458033875 0.7599180999999999 0.396649203125 0.6843919671875 0.38616022031249997
1 0.5224799890625 0.3571333796875 0.4443236203125 0.34666395 0.44469499843750004 0.36817362187499997 0.45546166406250005 0.5008557046875 0.47297202499999996 0.5036290734375 0.5347960796875 0.5100349843750001 0.5360926859374999 0.5018485328125 0.5224799890625 0.3571333796875
1 0.0274774734375 0.2886645421875 0.0189436734375 0.43330002343749996 0.084445525 0.44367449687500005 0.10504020781250001 0.446684903125 0.105837659375 0.44164999062500004 0.1091113625 0.304008996875 0.0274774734375 0.2886645421875
0 0.1116769140625 0.3100187703125 0.1098665359375 0.4461188140625 0.1291967640625 0.44918042031249994 0.195006246875 0.4579777640625 0.1956418640625 0.453964634375 0.19447175156250002 0.3264237015625 0.1116769140625 0.3100187703125
1 0.36011511406249996 0.353853759375 0.27857479375 0.3398632546875 0.2784037234375 0.3409433546875 0.283835584375 0.4720908265625 0.369388190625 0.485641028125 0.3695479046875 0.48463262656249995 0.36011511406249996 0.353853759375
0 0.277571340625 0.338851203125 0.195854196875 0.3253726484375 0.1980301734375 0.4608862 0.22908085156250002 0.46658248281250003 0.282476603125 0.4750395390625 0.28254657031249997 0.47459778124999996 0.277571340625 0.338851203125
1 0.3700393234375 0.48532621875000004 0.4510527015625 0.49940662343750003 0.45199222656250004 0.493474696875 0.4398321546875 0.367819140625 0.361430809375 0.35559495 0.3700393234375 0.48532621875000004
1 0.8411057078124999 0.670449378125 0.8593198624999999 0.857486259375 0.920171884375 0.8671242734375 0.9412897453125 0.8700799828125 0.941718540625 0.8673726703125 0.91206796875 0.6850503625 0.8411057078124999 0.670449378125
1 0.1974600921875 0.5700031015625 0.1090339265625 0.5527378703125 0.106640475 0.7410849171875 0.1392762453125 0.7466065078125 0.1999745234375 0.7562201703125 0.2006201359375 0.75214393125 0.1974600921875 0.5700031015625
1 0.7640219421875 0.6570364453125 0.778781396875 0.8478941734375001 0.7972974515625 0.850826828125 0.8562134953125 0.8578788375 0.8570456796875 0.8526246296875 0.8370772734375 0.6703427921875 0.7640219421875 0.6570364453125
1 0.294453715625 0.5861223812499999 0.29965899375 0.7735906156250001 0.3910947109375 0.7880726109375 0.39163324843749997 0.7846724109375 0.38195564375 0.59551895 0.294453715625 0.5861223812499999
0 0.01566915625 0.54157838125 0.0100853734375 0.7277266609375 0.02650138125 0.7303267 0.104674775 0.738650190625 0.10606865937500001 0.7298495593750001 0.10641796875000001 0.5536581484374999 0.01566915625 0.54157838125
1 0.7401861375000001 0.6552482453125 0.6570627640625 0.6430900515625 0.6743411421875 0.8328262859375 0.6834617640625 0.834379003125 0.7583913124999999 0.8462466781250001 0.759317296875 0.8404002374999999 0.7401861375000001 0.6552482453125
1 0.5578106484375 0.629386540625 0.5485393828125 0.6279181171875 0.4735968265625 0.6167620312500001 0.47355993593749995 0.61699495 0.484029275 0.7761480421875 0.4857063078125 0.7962305984375 0.5727888796875 0.8152681640624999 0.578073965625 0.8161052390625001 0.5783015421875 0.8146683796874999 0.5578106484375 0.629386540625
1 0.3929825671875 0.7867896421875 0.42464963750000007 0.7918052125 0.48259305 0.7996791078125 0.48312750156249995 0.796304721875 0.47086215937500003 0.6189431015625 0.3902644546875 0.60284983125 0.384727634375 0.6019728843750001 0.3929825671875 0.7867896421875
0 0.20201484062500003 0.570556140625 0.2038223171875 0.7599935546875 0.23877338125 0.7655292593749999 0.298303340625 0.7746417765625 0.2992624890625 0.7685859515625 0.2920210734375 0.5912228500000001 0.20201484062500003 0.570556140625
0 0.559903003125 0.6317074921875 0.58095315625 0.8197252109375001 0.6097885921875 0.8242922953124999 0.671989253125 0.8324281546875 0.6726958171875 0.8279670796874999 0.6545720687500001 0.6431550953125 0.559903003125 0.6317074921875
1 0.1068274765625 0 0.106180365625 0.0690245125 0.182404759375 0.0810972703125 0.1834839734375 0.0812571671875 0.18383969218750001 0.0790112515625 0.1821271203125 0 0.1068274765625 0
1 0.18347505625 0 0.185289409375 0.0815541546875 0.2621886828125 0.093733803125 0.2628410171875 0.0896151234375 0.2592086921875 0 0.18347505625 0
1 0.9270403421875001 1 0.948000290625 0.8676641 0.8579919828125 0.8592978359375 0.8756430703125 1 0.9270403421875001 1
0 0.25978235 0 0.2630650796875 0.0960382546875 0.3401775796875 0.1107299078125 0.340382771875 0.1094343703125 0.3328759984375 0.0071596656250000005 0.2920903140625 0 0.25978235 0
1 0.40585825 0.021159075 0.33365711875000004 0.00697281875 0.34014214531250003 0.11068621875 0.40222969375 0.12224202656250001 0.4139940078125 0.12410531093749999 0.4145458984375 0.120620815625 0.40585825 0.021159075
1 0.4063210578125 0.020965375 0.415214321875 0.124298590625 0.491157159375 0.136326753125 0.4916336375 0.1333183859375 0.4842297515625 0.039124975 0.4063210578125 0.020965375
1 0.783526465625 1 0.7619258609374999 0.8496327171875 0.6757822124999999 0.8354701515625 0.69390328125 1 0.783526465625 1
1 0.6911582359375 1 0.6718429968749999 0.835702725 0.669714978125 0.8353656796875001 0.5818782390624999 0.8262464390625001 0.6003239078125 1 0.6911582359375 1
1 0.8744658453125 1 0.854622215625 0.858844859375 0.7674874484374999 0.8487451828125 0.7674476546875 0.8489964343749999 0.7862585953125001 1 0.8744658453125 1
1 0.5981021734375 1 0.5778296109375 0.8243226312499999 0.49100604531250003 0.807488421875 0.5030126671875 0.99418305 0.535002321875 1 0.5981021734375 1
1 0.10953073124999999 0.745865690625 0.10809321875 0.939414696875 0.2049159671875 0.9547499125 0.2056966875 0.9498206390625 0.1978148890625 0.760367278125 0.10953073124999999 0.745865690625
1 0.20049177343750002 0.7629425875 0.2002597109375 0.764407771875 0.20858770624999998 0.9553314593750001 0.30522806406249997 0.9706377890625 0.30544510156250004 0.9692674671875 0.2941739484375 0.7774678015625 0.2767500140625 0.7747081203125 0.20049177343750002 0.7629425875
1 0.2955610109375 0.7781939 0.3061613609375 0.9707856078124999 0.403996896875 0.986281234375 0.40467697812500003 0.981987371875 0.39099993125 0.7951866828124999 0.2955610109375 0.7781939
1 0.5019796265625 1 0.4871500203125 0.8073211 0.3943789671875 0.7943697843749999 0.4057114796875 0.9912987281250001 0.4606491484375 1 0.5019796265625 1
1 0.1067342625 0.745938184375 0.009886968749999999 0.733095240625 0.0018094453125 0.9238477171874999 0.04436381875 0.9324849046875 0.10257174843750001 0.941704134375 0.103420096875 0.9363478734375 0.1067342625 0.745938184375
1 0.7039106734375 0.067600346875 0.71564105625 0.1782094171875 0.751138275 0.183831625 0.7865816703124999 0.18882576874999998 0.7872247609375 0.18476545625000002 0.773019284375 0.07642555 0.7039106734375 0.067600346875
1 0.48516439843750003 0.03881175625 0.49169290625000006 0.13482963125 0.5436617796875 0.1430606921875 0.5639836390624999 0.145964240625 0.5642301890625 0.144407584375 0.552536615625 0.050726478124999995 0.48516439843750003 0.03881175625
1 0.8351477265625 0.0903600328125 0.7747182171875 0.07826936875 0.787913978125 0.1911621203125 0.7921415281249999 0.19190787812500001 0.86031814375 0.20270599374999998 0.8604964578125 0.2015801546875 0.8351477265625 0.0903600328125
1 0.7001222296875 0.07038773125 0.6272633765625 0.062478056250000004 0.6404694859375 0.1629822703125 0.7085787109374999 0.175508875 0.7126537500000001 0.176154296875 0.7136035859375001 0.1701572703125 0.7001222296875 0.07038773125
1 0.6249161625 0.063339871875 0.554343640625 0.050652746875 0.5661751890625 0.1485810546875 0.6020363890625 0.155470275 0.63906598125 0.16133518593750001 0.639409615625 0.1591655640625 0.6249161625 0.063339871875
1 1 0.2032081796875 0.9780216390625001 0.11655394999999999 0.9080630984375 0.10192423749999999 0.9359217703124999 0.21468043125 1 0.22482942499999997 1 0.2032081796875
1 0.8945059359374999 0.10054638906249999 0.840271946875 0.0930395703125 0.860320553125 0.2074523046875 0.866277715625 0.20839582656250003 0.932557634375 0.21604958437500002 0.9329995156249999 0.2132596484375 0.9103728640625001 0.1268186 0.90341056875 0.10195674375 0.8945059359374999 0.10054638906249999