1 0.88477624375 0.1536745828125 0.8178273671875 0.1643020515625 0.8709304812499999 0.26715459375 0.9043336328124999 0.2621116421875 0.939294528125 0.25594709375 0.9385071203124999 0.2514814796875 0.88477624375 0.1536745828125
1 0.8687601812500001 0.269844715625 0.8103989515625001 0.1664211171875 0.744073225 0.17943571875 0.801860675 0.2829787171875 0.8687601812500001 0.269844715625
1 0.503495684375 0.2255142046875 0.49884623125000005 0.226334028125 0.5517761250000001 0.331667853125 0.6262298546875 0.31607719218749997 0.6257325359375 0.3132567609375 0.5752943546875 0.21481365624999998 0.503495684375 0.2255142046875
1 0.654233403125 0.1992896234375 0.5791949171875 0.21241704218750002 0.630430121875 0.3131876 0.683244184375 0.30744209375 0.7080267499999999 0.30307225937500004 0.707600128125 0.30065276406249997 0.654233403125 0.1992896234375
1 0.6583566640625 0.197237021875 0.7140062921875 0.30519111250000003 0.7932013171875 0.2912268921875 0.7929535453125001 0.2898217109375 0.7360237328125 0.1831126875 0.6583566640625 0.197237021875
1 0.474798234375 0.3486109703125 0.5514060187500001 0.33263599843749997 0.550966528125 0.3301435234375 0.49937565156249997 0.227833853125 0.42465891562499997 0.2410084296875 0.474798234375 0.3486109703125
1 0.3421908640625 0.2580160375 0.3919233140625 0.36674284375 0.40127677500000003 0.36509357656249997 0.472132859375 0.35095567031249997 0.47186189375 0.3494189484375 0.4227452109375 0.2413434203125 0.3421908640625 0.2580160375
0 0.14876755 0.4286570140625 0.1003290953125 0.298253409375 0.0201578890625 0.3116050125 0.066705871875 0.443126703125 0.14876755 0.4286570140625
1 0.10122685312499999 0.2990051671875 0.101440759375 0.30021829218749996 0.15154671875 0.4322935890625 0.226250425 0.41975450625 0.23489823906249999 0.41822966250000004 0.23413384218750002 0.4138945546875 0.18727169375 0.2853414265625 0.104339271875 0.2984563640625 0.10122685312499999 0.2990051671875
0 0.26265822499999997 0.271539378125 0.3190032234375 0.40498628906249995 0.3967395859375 0.3912792703125 0.3958703 0.38634930624999997 0.338868590625 0.2557472046875 0.26265822499999997 0.271539378125
0 0.23653840625 0.41893182500000004 0.31630697812499997 0.4030233859375 0.315512596875 0.3985182265625 0.26071341718749996 0.27321290625 0.18725609999999998 0.284595928125 0.23653840625 0.41893182500000004
1 0.7986844546875 0.29380182499999996 0.8693779953125 0.43328208906250004 0.9521247359375 0.41869160625 0.9518231281249999 0.41698110312500003 0.87557431875 0.27863004999999996 0.7986844546875 0.29380182499999996
1 0.9642808265625 0.265403521875 0.8788635546875 0.27697335624999997 0.9568861328124999 0.42500656562500005 0.9798646468750001 0.4233199359375 0.992221740625 0.421141046875 0.970928065625 0.300378615625 0.9642808265625 0.265403521875
1 0.4787421046875 0.35701289687500004 0.5391536765625 0.4946827546875 0.554565959375 0.49196515312500005 0.6213941281250001 0.47761208125000004 0.620799790625 0.47424142187499996 0.5542521609375 0.34287970156249997 0.5350677265625 0.346262434375 0.4787421046875 0.35701289687500004
1 0.796670715625 0.3021540421875 0.7151943046875 0.31672724375 0.71524651875 0.3170233640625 0.7891321171875 0.45060481093750004 0.801187828125 0.44847906406250004 0.8655784453124999 0.43175561562500003 0.865253734375 0.4299140890625 0.796670715625 0.3021540421875
1 0.6332889046875 0.33060025937500004 0.5573598609375 0.34304157968750004 0.6211856484375 0.47571427499999996 0.701952378125 0.4675635546875 0.7036592500000001 0.46726258749999994 0.7025567828125 0.4610101859375 0.6332889046875 0.33060025937500004
0 0.6372834234375 0.332330221875 0.70746281875 0.466591915625 0.786752403125 0.452611021875 0.7862694625 0.4498721296875 0.7121096625 0.3176588453125 0.6372834234375 0.332330221875
1 0.47474242499999997 0.3575981875 0.3974356140625 0.3731443734375 0.4047896234375 0.3933612578125 0.45816676718749993 0.5153093484375 0.475626059375 0.512230803125 0.5361674109375001 0.49815976875 0.5347281296874999 0.48999719218750004 0.47474242499999997 0.3575981875
1 0 0.5097407781250001 0.02343691875 0.5935505531249999 0.088747734375 0.5820344953125 0.10920048281250001 0.5781759156249999 0.10831528125 0.5731556890625 0.066599103125 0.4419477578125 0 0.4517282390625 0 0.5097407781250001
0 0.07098147031249999 0.44679484843750006 0.1135795640625 0.57606936875 0.132853415625 0.5726708687500001 0.1979416390625 0.5595634484375 0.1972360796875 0.5555620234374999 0.15460645 0.4353506546875 0.07098147031249999 0.44679484843750006
0 0.32015567968749997 0.40735807968750004 0.2385029296875 0.420676728125 0.238692825 0.421753678125 0.28652619218750003 0.5439876078125 0.3718292828125 0.528946371875 0.37165199375 0.5279409109375 0.32015567968749997 0.40735807968750004
0 0.2372246546875 0.42004650625 0.1555713890625 0.43390678437499997 0.2017477125 0.561328934375 0.2329612328125 0.5566057640625 0.28620125625 0.5472181109375 0.2861235890625 0.5467776421874999 0.2372246546875 0.42004650625
0 0.37234245 0.5284367249999999 0.4535262359375 0.5153746328125 0.45248332812500003 0.50946000625 0.40007630625 0.3946092765625 0.321966571875 0.4085760578125 0.37234245 0.5284367249999999
1 1 0.6341700343750001 0.9498644234375 0.540812346875 0.878014671875 0.5501098984375 0.9561297468750001 0.72102679375 1 0.713291284375 1 0.6341700343750001
1 0.236733678125 0.6646865921875 0.1475040859375 0.6771507390625 0.206560834375 0.8560156015624999 0.239216215625 0.8506112015625 0.2997374671875 0.839939671875 0.2990208125 0.8358753203125 0.236733678125 0.6646865921875
1 0.800763715625 0.5625237390625 0.8768562531249999 0.7381780578125 0.8953183062500001 0.7349227 0.9533204281250001 0.72240931875 0.952396671875 0.717170434375 0.8741710125000001 0.5513206484375 0.800763715625 0.5625237390625
1 0.333690875 0.6483496359375 0.39964624843749996 0.8239096609375001 0.49081529375 0.8078340984375 0.4902174953125 0.8044438156249999 0.41948479687500007 0.628746425 0.333690875 0.6483496359375
0 0.0555927875 0.69699583125 0.11091716874999999 0.8748203890624999 0.1272852984375 0.8719342453125 0.203909559375 0.8543534906250001 0.202362296875 0.845578528125 0.1453302625 0.6788725515625 0.0555927875 0.69699583125
1 0.7776443390625001 0.5685931421875 0.695091325 0.5841596671875 0.773200428125 0.7579335109375 0.7823296609375 0.7564322515625 0.8570406765625 0.7432586828125001 0.8560127984375001 0.73742929375 0.7776443390625001 0.5685931421875
1 0.4921826046875 0.8060064015625 0.5237573171875 0.8004389281250001 0.5811073796875 0.7890193125 0.5805141203125 0.7856547671875 0.5111737171875 0.6219492640625 0.42972763281250004 0.632972825 0.4242069609375 0.63394626875 0.4921826046875 0.8060064015625
0 0.2412203296875 0.6637266203125 0.3046041203125 0.8422547578125 0.33945325 0.836109915625 0.398706678125 0.8253449093749999 0.3976419859375 0.8193067468749999 0.3330513171875 0.6539642140625 0.2412203296875 0.6637266203125
1 0.5995191671875 0.60502936875 0.6806350609375 0.77595035625 0.7093863984375 0.7708807203125 0.770847053125 0.758322771875 0.770062740625 0.7538747078125 0.6927575015625 0.585032059375 0.5995191671875 0.60502936875
0 0.5971433390625001 0.605684628125 0.5134460796875 0.621246896875 0.5134870296875 0.6214791390625 0.5752011609375 0.7685528625 0.58332506875 0.7869953046875 0.6771850484375 0.7760219515625 0.6768783375 0.774282509375 0.5971433390625001 0.605684628125
1 0 0.2184847390625 0.0633264125 0.207318584375 0.0643988859375 0.2071184125 0.06400402499999999 0.204879046875 0.030448975 0.113883475 0 0.11937321875 0 0.2184847390625
1 0.031844123437499997 0.1138008734375 0.0662026484375 0.20681142656249998 0.142877646875 0.19329155468749998 0.1421535296875 0.1891848890625 0.10753101093749999 0.10047912031249999 0.031844123437499997 0.1138008734375
0 0.14445655156249998 0.1951851296875 0.2221509875 0.18397098750000002 0.221923215625 0.18267922812499998 0.181528034375 0.0884205609375 0.1080436765625 0.10011658593749999 0.14445655156249998 0.1951851296875
1 0.25509187031249997 0.0778965671875 0.18220576718749998 0.0879895859375 0.222103259375 0.1839412140625 0.28457039375000004 0.1746537171875 0.296300396875 0.1725854015625 0.29568777812499997 0.16911106874999998 0.25509187031249997 0.0778965671875
1 0.2554664 0.07756274375 0.2975171515625 0.1723708546875 0.373238503125 0.15901913750000002 0.37270959375 0.15601954375 0.33504270625 0.06936839375000001 0.2554664 0.07756274375
1 0.9467920781249999 0.9114791625 0.8614850453124999 0.745309509375 0.7754237453124999 0.7599641687500001 0.8546696703125001 0.9277228281250001 0.9467920781249999 0.9114791625
1 0.6836328468749999 0.7818151203125 0.7610579953125 0.9474023015625 0.7823461796875 0.9436486203125 0.8519305421875 0.9302315578125 0.85130405625 0.9266785859375 0.7717748609374999 0.7614665546875 0.76965305 0.7618406875 0.6836328468749999 0.7818151203125
1 1 0.8177812734375 0.95213035 0.7238407796875 0.8664546765625 0.7426596546875001 0.8664988499999999 0.742910171875 0.9537121375 0.9209274328125 0.9801701609375 0.916699934375 1 0.9132033984374999 1 0.8177812734375
1 0.6637387968749999 0.9662784249999999 0.7259750609375 0.9567615765624999 0.7602776343750001 0.9507131078125 0.6791784625 0.7813142296875 0.5916044874999999 0.793664159375 0.6637387968749999 0.9662784249999999
1 0.35990497499999996 1 0.2990456578125 0.844563946875 0.2108500921875 0.8595949359375 0.25803196562499997 1 0.35990497499999996 1
1 0.46592607499999994 1 0.39572232500000004 0.8293613671875001 0.37834920625 0.8324247171874999 0.3024151421875 0.8461274421875 0.30267273906250003 0.847588353125 0.36270199999999997 1 0.46592607499999994 1
1 0.51675009375 1 0.5675449671874999 0.99104349375 0.5667900515625 0.9867621546875001 0.49304179374999996 0.81459144375 0.3972702125 0.8295963234375 0.46663868124999996 1 0.51675009375 1
1 0.666502325 0.9763815062500001 0.5879040703125 0.794761353125 0.4959707796875 0.81271894375 0.5707996718749999 0.9952294140625 0.66683971875 0.9782949625 0.666502325 0.9763815062500001
1 0.25353950625 1 0.20822958125 0.8605739218749999 0.11247741250000001 0.879961075 0.1482060609375 1 0.25353950625 1
1 0.552025771875 0.024771273437499998 0.5991278578125 0.125535165625 0.63452155 0.119294303125 0.669659871875 0.11247711875 0.6689460171875 0.108428646875 0.620242453125 0.010616104687499999 0.552025771875 0.024771273437499998
1 0.3358244578125 0.0687679484375 0.3732576453125 0.1574291578125 0.4250749515625 0.14829236875000001 0.44523495156250004 0.144421578125 0.4449612703125 0.1428694609375 0.40340519375 0.058099290625 0.3358244578125 0.0687679484375
1 0.683522671875 0.0035643750000000003 0.6224491140625 0.011806351562500001 0.6716802359375 0.11425242499999999 0.6759202578125 0.1135811984375 0.7438980359375 0.10159488125 0.7437001000000001 0.1004723265625 0.683522671875 0.0035643750000000003
1 0.5493512125 0.0286401953125 0.477886675 0.044881971874999996 0.5230942671875 0.135611084375 0.59157106875 0.125281028125 0.5956342234374999 0.124564584375 0.59457986875 0.118585046875 0.5493512125 0.0286401953125
1 0.4759479203125 0.046461012499999996 0.405089765625 0.0574412671875 0.44815905312500004 0.146182325 0.48430939375 0.141020946875 0.521230990625 0.1345106734375 0.52084954375 0.132347378125 0.4759479203125 0.046461012499999996
1 0.762203315625 0 0.8192811656250001 0.0883028015625 0.8885416749999999 0.0760903046875 0.888407128125 0.0753272546875 0.839054284375 0 0.762203315625 0
1 0.7117776671875 0 0.689240090625 0.0044296453125 0.7454455624999999 0.10608182343749999 0.7513853515625 0.105034478125 0.8165460640625 0.090692615625 0.8160555578125 0.0879108171875 0.7665191874999999 0.01354571875 0.7571591453125001 0 0.7117776671875 0
1 0.8414896140625 0 0.8894334562499999 0.0767032765625 0.9294903921875 0.07204315 0.9306309031250001 0.071842046875 0.9179632124999999 0 0.8414896140625 0