1 0.9483730640625 0.241242103125 0.8806776046874999 0.2377178828125 0.9112360421875 0.34936360781250003 0.9449577437500001 0.35137576406250004 0.9804363421875 0.352614703125 0.98059459375 0.34808296250000004 0.9483730640625 0.241242103125
1 0.9085538609375 0.3515437140625 0.8729709390625 0.2382461875 0.8053887015625 0.23718649374999998 0.84038555625 0.35048151562499996 0.9085538609375 0.3515437140625
1 0.5604881015625 0.232239171875 0.5557697984375001 0.23207440468749999 0.5856429140625 0.3461111765625 0.6617111312499999 0.346341009375 0.66181108125 0.3434788125 0.6329425671875 0.23670023750000002 0.5604881015625 0.232239171875
1 0.7133842359375 0.23792779375 0.6372561765625 0.23516696874999998 0.6664203921875 0.344387846875 0.7192749 0.3497485546875 0.744424446875 0.3506267953125 0.7445101875 0.348171471875 0.7133842359375 0.23792779375
1 0.7178441531249999 0.2367773203125 0.7498327859375 0.3539425640625 0.8302005343750001 0.3567490671875 0.83025033125 0.35532307812499997 0.7967506249999999 0.23910952968750002 0.7178441531249999 0.2367773203125
1 0.5068245015625 0.3466794421875 0.58507960625 0.346981215625 0.585167934375 0.3444518328125 0.55597581875 0.23365152656250002 0.4801526734375 0.23100372500000002 0.5068245015625 0.3466794421875
1 0.3959506671875 0.230493603125 0.4219907703125 0.34718442656250004 0.4314827375 0.3475158921875 0.50372988125 0.3484187421875 0.503784340625 0.34685926562499997 0.47821114062500003 0.2309335140625 0.3959506671875 0.230493603125
0 0.1712758625 0.357190696875 0.1510083375 0.219565803125 0.0698131109375 0.21595710937499998 0.0879990125 0.35428260625 0.1712758625 0.357190696875
1 0.1517301796875 0.22048778750000003 0.1516871890625 0.2217188765625 0.1732382125 0.3613256265625 0.24891648593750001 0.364592325 0.2576923578125 0.3648987859375 0.257845984375 0.3604994828125 0.238735584375 0.22501236093750002 0.1548886859375 0.220598084375 0.1517301796875 0.22048778750000003
0 0.3153443453125 0.22718566093749998 0.3427129 0.3694312203125 0.421600384375 0.3721860328125 0.4217750921875 0.3671830640625 0.3931727109375 0.2275836109375 0.3153443453125 0.22718566093749998
0 0.2591506953125 0.36592661406250004 0.3404836828125 0.36695063125 0.34064333593749996 0.3623787578125 0.3130940921875 0.2284182703125 0.2388753296875 0.2242799109375 0.2591506953125 0.36592661406250004
1 0.8350284953125 0.36040774062500003 0.8751776343750001 0.5115380390625 0.9591496921875 0.5144704078125 0.9592103078124999 0.512734575 0.9133925187499999 0.36155380625 0.8350284953125 0.36040774062500003
1 1 0.3668412921875 0.9169543234375 0.3606171859375 0.9624940875 0.5216373203125 0.9853211343750001 0.52476505 0.9978612124999999 0.525202959375 1 0.4639560953125 1 0.3668412921875
1 0.50893533125 0.3557177421875 0.53940359375 0.50293945625 0.5550441 0.5034856343749999 0.6233960859375001 0.5033405703125 0.623515534375 0.499919996875 0.5857337671875 0.3575928140625 0.56626525 0.356912959375 0.50893533125 0.3557177421875
1 0.8313222359375001 0.3681587609375 0.7485963421874999 0.3654736046875 0.7485858484375 0.3657741109375 0.793083725 0.5117981609375 0.80531795625 0.512225390625 0.8717784843749999 0.5092549515625 0.8718437437500001 0.50738615625 0.8313222359375001 0.3681587609375
1 0.665596409375 0.3620143703125 0.5887399015625 0.3583972828125 0.6235867374999999 0.5014408890625 0.70428315 0.5102606296875 0.706015296875 0.5103211171875001 0.70623686875 0.5039761296874999 0.665596409375 0.3620143703125
1 0.6691439578125 0.3645370375 0.7098751890624999 0.5104559078124999 0.7903388984374999 0.5132657625 0.790435959375 0.5104863109375 0.745385415625 0.365743515625 0.6691439578125 0.3645370375
1 0.504901365625 0.35545866406250004 0.426051659375 0.35459213749999996 0.42904163906250004 0.37589621875 0.45589793125 0.506277184375 0.47361576093749996 0.5068959046875 0.535759671875 0.505719609375 0.5360489359375 0.4974361625 0.504901365625 0.35545866406250004
1 0.0052442718749999995 0.3478258140625 0.014400712500000001 0.49242321406249995 0.080678653125 0.49473769062499995 0.10148670312500001 0.4952157953125 0.10166460937499999 0.49012122968750005 0.0881396921875 0.35310722656250004 0.0052442718749999995 0.3478258140625
0 0.0914185265625 0.35875954062500004 0.1062080671875 0.49406574531249997 0.125767325 0.49474876874999996 0.1921584015625 0.4954603796875 0.192300203125 0.4913997 0.17559548281249998 0.36495204062500003 0.0914185265625 0.35875954062500004
1 0.34334704843749997 0.371990790625 0.2607095046875 0.368041834375 0.2606713390625 0.3691347328125 0.28204556875 0.49864267343749996 0.3686118328125 0.501665634375 0.36864746406250004 0.500645284375 0.34334704843749997 0.371990790625
0 0.2595901921875 0.367159615625 0.1768395328125 0.36374034375000003 0.19551423750000002 0.49797861250000003 0.22702767031249999 0.4998483109375 0.2810560734375 0.5017350234375 0.2810716828125 0.5012880328125 0.2595901921875 0.367159615625
1 0.369219746875 0.5012738171875 0.4513452328125 0.505376221875 0.4515548359375 0.49937401093749995 0.42417184218750004 0.3761370125 0.3448651359375 0.373558659375 0.369219746875 0.5012738171875
1 0.8593357109375 0.627608546875 0.9002081625 0.8110315359375001 0.9617811812499999 0.8131817124999999 0.9831018421875 0.813541771875 0.9831975046875 0.8108023828125 0.9315484421875 0.633452571875 0.8593357109375 0.627608546875
1 0.20824641093750001 0.6063516484375 0.1183752578125 0.5999915484375 0.138953378125 0.7872263734375 0.1720187984375 0.7887295078125 0.2334362515625 0.7908742515625 0.23358028281249998 0.786749715625 0.20824641093750001 0.6063516484375
1 0.7811918906249999 0.6236897390625 0.8191010359374999 0.8113261171874999 0.8378364765624999 0.8119803734375 0.8971727921875001 0.8117997578124999 0.897358446875 0.806483296875 0.855324315625 0.6279936968750001 0.7811918906249999 0.6236897390625
1 0.3064815046875 0.6105302296875 0.3344946140625 0.7959667406250001 0.42701369375000003 0.799197578125 0.4271338390625 0.795757090625 0.3944763609375 0.6091929546875 0.3064815046875 0.6105302296875
0 0.0243464140625 0.60029354375 0.041490021875 0.78573479375 0.05810053125 0.7863148468750001 0.1367056125 0.785049353125 0.137016578125 0.77614445 0.115890953125 0.601223771875 0.0243464140625 0.60029354375
1 0.757315828125 0.624819721875 0.6733303328125 0.62288234375 0.7136029515625 0.8090986078125001 0.7228448171874999 0.809528228125 0.7986621578124999 0.8121758281250001 0.7988687390625 0.8062601171875 0.757315828125 0.624819721875
1 0.428731125 0.7976941 0.46077339687499996 0.798813040625 0.5192444953125 0.79956671875 0.519363728125 0.7961523515625 0.48557486718750004 0.6216075265625001 0.40361664687500004 0.615456603125 0.398014225 0.6152609609375 0.428731125 0.7976941
0 0.2128346078125 0.60634548125 0.2377152234375 0.79415058125 0.2730804015625 0.7953855609375 0.33327716875 0.7971752765625 0.3334911484375 0.7910477015625 0.30468858593750003 0.61588914375 0.2128346078125 0.60634548125
1 0.5755076015625 0.6234254234375001 0.6193144453125 0.8074763203125 0.648491534375 0.8084952062499999 0.7112200718749999 0.80899006875 0.7113777015625 0.8044761375 0.6708661296875 0.62325044375 0.5755076015625 0.6234254234375001
0 0.5730474546875 0.6235724015625 0.487943603125 0.6213929593749999 0.487935371875 0.6216286390625 0.5177225562500001 0.7783195390625 0.5218345375 0.7980480234375 0.6159249390625 0.806829053125 0.6159865812499999 0.8050638515624999 0.5730474546875 0.6235724015625
1 0.0455052671875 0.0223504578125 0.0565931375 0.1202314796875 0.133720665625 0.12292483125 0.134811321875 0.12295201250000001 0.1348906796875 0.12067948749999999 0.12098793125 0.0246959 0.0455052671875 0.0223504578125
1 0.12236976562499999 0.0249051703125 0.13663949375 0.123026759375 0.2144498984375 0.1257439578125 0.21459542968749998 0.1215764796875 0.19917246093750002 0.027610718750000002 0.12236976562499999 0.0249051703125
1 0.9459261078125 0.998678878125 0.9828455 0.99996813125 0.9894679468750001 0.8103260859375 0.89911095625 0.8129914359375 0.9459261078125 0.998678878125
0 0.215600603125 0.1279244265625 0.29392878125 0.133108921875 0.29397455781250004 0.13179803437499998 0.2740595875 0.031200515625 0.1997493 0.027362696875 0.215600603125 0.1279244265625
1 0.34820393906249997 0.0362012765625 0.27481211562499996 0.030919865624999997 0.2938882859375 0.1330698765625 0.3569213421875 0.13697298125 0.36882504531250004 0.1373886671875 0.3689481671875 0.1338628859375 0.34820393906249997 0.0362012765625
1 0.348639690625 0.0359526171875 0.3700598171875 0.1374317859375 0.446902453125 0.140115190625 0.447008753125 0.137071178125 0.4281807640625 0.044482178125 0.348639690625 0.0359526171875
1 0.8514772703125001 0.995380653125 0.802583015625 0.8151058750000001 0.7153554859375 0.8115471453125 0.7579907109375 0.9921160296875 0.8514772703125001 0.995380653125
1 0.6210273703125 0.8138362000000001 0.6623330828125 0.991902496875 0.6839365046875 0.9926569046875 0.75478984375 0.9940004390625001 0.7549157546874999 0.99039485625 0.711473975 0.8122580546875 0.70932074375 0.8121828624999999 0.6210273703125 0.8138362000000001
1 0.9458380828124999 1 0.8957111031249999 0.8129525078125001 0.8079949843750001 0.8135471703125001 0.8079861062499999 0.813801396875 0.8547591296875 1 0.9458380828124999 1
1 0.563215975 0.9901323328125 0.6260708921875 0.9937630984375 0.6608814187500001 0.9949787078125001 0.616774465625 0.8124201359375001 0.528546496875 0.8062925375000001 0.563215975 0.9901323328125
1 0.1424047203125 0.791619278125 0.16456561249999999 0.9839007875 0.26253555156249997 0.9873219734375001 0.262709725 0.9823342953124999 0.2317981203125 0.795253640625 0.1424047203125 0.791619278125
1 0.23476890312499998 0.797483525 0.23471713125 0.79896606875 0.2662507953125 0.9874517125000001 0.3640361828125 0.990866453125 0.3640846015625 0.9894798953124999 0.32952296406250003 0.800483484375 0.3118925828125 0.7998678171875 0.23476890312499998 0.797483525
1 0.3309881765625 0.8010351296874999 0.36498053750000004 0.9908994312500001 0.46397526562499997 0.9943564031250001 0.4641269859375 0.9900116656250001 0.4277866078125 0.8062701734375001 0.3309881765625 0.8010351296874999
1 0.5636997484374999 1 0.5246988234375001 0.8065963937499999 0.431040903125 0.8050475625000001 0.46628854531249997 0.9991275421875001 0.49127247343749997 1 0.5636997484374999 1
1 0.13963793124999999 0.7920320359375 0.0419473609375 0.7910875374999999 0.057176925 0.9814025765625001 0.1004667140625 0.9847893093750001 0.1593643109375 0.9868460593749999 0.15955357187500002 0.9814263343749999 0.13963793124999999 0.7920320359375
1 0.6496944921875001 0.045972928125 0.6748172921875 0.1543279609375 0.7107350968749999 0.1555822390625 0.746522934375 0.15621969375 0.7466664046875 0.1521112734375 0.7193634999999999 0.046310128125 0.6496944921875001 0.045972928125
1 0.429070271875 0.0440573890625 0.44725175312500004 0.1385639359375 0.499836371875 0.14040023125 0.5203606093750001 0.1408055265625 0.5204156125 0.139230425 0.4973923453125 0.0476726921875 0.429070271875 0.0440573890625
1 0.78272703125 0.05256919375 0.721274475 0.04793315625 0.748130040625 0.1583762640625 0.7524169640625 0.1586012546875 0.8214013609374999 0.16101024218749999 0.8214411421875001 0.1598710640625 0.78272703125 0.05256919375
1 0.6462739843749999 0.04920123125 0.5729942625 0.0502297734375 0.5983503171875 0.148375425 0.6674784765624999 0.15250823125 0.6716017984375 0.152652221875 0.6718137 0.1465841390625 0.6462739843749999 0.04920123125
1 0.5707695734375 0.05137121875 0.499176915625 0.0473792890625 0.5228547328125 0.1431357515625 0.5592882140625 0.14560324062500002 0.596756546875 0.1469116625 0.596833209375 0.144716334375 0.5707695734375 0.05137121875
1 0.8565082265624999 0.055161051562499994 0.8979007671874999 0.1636816609375 0.9681868890625 0.16613610625 0.9682139296875001 0.16536175625 0.9277282203125001 0.061155915625 0.8565082265624999 0.055161051562499994
1 0.8428842 0.05544567500000001 0.7881396109375001 0.054604273437499996 0.8219821828124999 0.1657208828125 0.828009928125 0.1659313765625 0.8947285640624999 0.1654505921875 0.8948271453125001 0.1626276 0.8618346359375 0.0795883671875 0.8518943374999999 0.0557603171875 0.8428842 0.05544567500000001
1 1 0.0633736140625 0.930260259375 0.0607164328125 0.9689317390625 0.1669210953125 1 0.1698383125 1 0.0633736140625