1 0.872455265625 0.1404570578125 0.805918065625 0.1534145359375 0.8625783328125 0.25435115 0.895785140625 0.2481455171875 0.9305095984375 0.24076460625 0.9295668218750001 0.2363291921875 0.872455265625 0.1404570578125
1 0.8605032390625 0.25711537500000003 0.7985681296875 0.1557915578125 0.7327370109375 0.171112965625 0.79410285625 0.272576134375 0.8605032390625 0.25711537500000003
1 0.49391413906250003 0.22555941562499998 0.489296128125 0.2265410046875 0.5458698765625 0.3299634359375 0.6197341453125 0.31178387343749997 0.6191386984375 0.30898251718749997 0.565295628125 0.21235964843750002 0.49391413906250003 0.22555941562499998
1 0.64364480625 0.19409014062500002 0.5691101734374999 0.2098283671875 0.623831009375 0.30874945625 0.6764123828125 0.301164265625 0.701027346875 0.29593219375 0.7005165453125 0.2935290609375 0.64364480625 0.19409014062500002
1 0.647693921875 0.19189488906250002 0.70707719375 0.2978410734375 0.78573663125 0.28112149375 0.7854399703125 0.27972581406249997 0.7248207453125 0.1750686171875 0.647693921875 0.19189488906250002
1 0.46953018437500005 0.34958272031250004 0.545533784375 0.3309439078125 0.545007575 0.32846828906250003 0.48987757031249995 0.2280214390625 0.41566613593749996 0.24379556562500002 0.46953018437500005 0.34958272031250004
1 0.3338418796875 0.26367090625 0.38733854375 0.3705958421875 0.3966287484375 0.3686211484375 0.4669482625 0.3520190140625 0.46662383125 0.350492684375 0.41376528749999997 0.244197140625 0.3338418796875 0.26367090625
0 0.1464916765625 0.44095831093750004 0.09353170937500001 0.31232462031249997 0.01387530625 0.328466025 0.06498497343750001 0.4582830953125 0.1464916765625 0.44095831093750004
1 0.09445515625 0.3130445890625 0.0947112703125 0.3142495109375 0.1493960671875 0.444495678125 0.2236166578125 0.42935711093749995 0.2322059875 0.4275313921875 0.23129076406250001 0.423225603125 0.1799707234375 0.2963862515625 0.0975465265625 0.3123874984375 0.09445515625 0.3130445890625
0 0.25482964531249996 0.279961659375 0.3157975515625 0.41136086406250005 0.393008190625 0.3949492375 0.39196738125 0.3900526125 0.33044244843750004 0.26151940156250003 0.25482964531249996 0.279961659375
0 0.2338696609375 0.4281758875 0.31303444375 0.40949325625000005 0.31208331875 0.40501856406250003 0.25294442968749997 0.28170204062500004 0.17992912187500001 0.2956417515625 0.2338696609375 0.4281758875
1 0.7913062921875 0.2835034984375 0.8668245593749999 0.420431625 0.9490116921875 0.40296221093750006 0.9486505718749999 0.4012632765625 0.8676198296875001 0.2656575484375 0.7913062921875 0.2835034984375
0 0.9558107 0.24934326406250001 0.8708492437500001 0.263887071875 0.9539905781250001 0.409107153125 0.9768962312499999 0.4066196125 0.9891697546874999 0.4040107953125 0.9636745031249999 0.2840650671875 0.9558107 0.24934326406250001
1 0.4737648765625 0.357841890625 0.53894425625 0.49331955 0.55425230625 0.4900657234375 0.6205388515625 0.473389125 0.619827240625 0.47004126093750004 0.5487356921875 0.341082040625 0.529681 0.34513224062500003 0.4737648765625 0.357841890625
1 0.7895852671875 0.2919209046875 0.7086670875000001 0.30932871562500003 0.7087296046875 0.3096228328125 0.78723211875 0.4405443359375 0.7992062984375 0.4379991453125 0.86297405 0.41903868437499997 0.86258526875 0.41720961250000005 0.7895852671875 0.2919209046875
1 0.62729574375 0.3260517375 0.5518471484374999 0.3411353640625 0.620264265625 0.4714997515625 0.7006973375000001 0.46053527812499995 0.7023926671875 0.460174925 0.701072665625 0.45396480781250004 0.62729574375 0.3260517375
0 0.6313482031250001 0.3276412390625 0.7061705125 0.45937191874999994 0.7849238703125 0.4426323765625 0.7843456375 0.43991200625 0.7056168375 0.3103674015625 0.6313482031250001 0.3276412390625
1 0.469788059375 0.3585664125 0.3930708953125 0.3768010953125 0.401125984375 0.3967490125 0.45872653906250005 0.51675998125 0.47606775625 0.5130739921874999 0.5360811562500001 0.496898665625 0.5343578812499999 0.48879129218750006 0.469788059375 0.3585664125
1 0 0.52515563125 0.0269920953125 0.6101253765625 0.091861221875 0.59633701875 0.112166846875 0.5917669984375 0.11110698125 0.5867807234375 0.0648371265625 0.45710859531250003 0 0.468955234375 0 0.52515563125
0 0.069385984375 0.46179979062500004 0.11646974375000001 0.5895089078125 0.1356132484375 0.58543983125 0.2002043796875 0.57006885 0.19935960156250002 0.566094484375 0.152560625 0.4474440984375 0.069385984375 0.46179979062500004
0 0.3170320796875 0.413690990625 0.23589388437499997 0.429851165625 0.23612125 0.4309208328125 0.2881913796875 0.5514109406250001 0.372917575 0.53340183125 0.372705303125 0.5324031703125 0.3170320796875 0.413690990625
0 0.23459439375 0.42926593906250005 0.15347458593750002 0.44596743125 0.20406974843749998 0.5717004296875 0.23509941875 0.5658908 0.287979384375 0.554650815625 0.28788639374999997 0.5542133265625 0.23459439375 0.42926593906250005
0 0.37341264375 0.5328745859375 0.4540911140625 0.5169871781250001 0.4528424234375 0.5111125515625 0.39645909375 0.3981607640625 0.318884375 0.41484502812499996 0.37341264375 0.5328745859375
1 1 0.609127759375 0.951014709375 0.52508744375 0.87953320625 0.5368868499999999 0.963565609375 0.7049734515625 1 0.6972290828125 1 0.609127759375
1 0.24264153125000001 0.67377413125 0.1539012875 0.6893447546875 0.2191643546875 0.86603960625 0.25161123281250003 0.8594988406249999 0.311723184375 0.8467216515624999 0.310865121875 0.8426847875 0.24264153125000001 0.67377413125
1 0.8027625468749999 0.5519891484375 0.8849389765625 0.7248808734375001 0.9032761734375001 0.72098318125 0.9608062515625001 0.7064531781250001 0.9597002234374999 0.701249725 0.8757341421874999 0.53823100625 0.8027625468749999 0.5519891484375
1 0.33896951406250003 0.6540633703125 0.41101166562499997 0.827214640625 0.50156414375 0.8079671171875 0.5008483906250001 0.8045997609375 0.4240270296875 0.6314779359375 0.33896951406250003 0.6540633703125
0 0.0627385625 0.7123854140625 0.12423523125 0.888170853125 0.1404926640625 0.884715228125 0.21645668749999997 0.8644710359375001 0.214604125 0.8557554171874999 0.1517888796875 0.6911413828125 0.0627385625 0.7123854140625
0 0.779869071875 0.558861709375 0.6979096109375 0.577299809375 0.7820357515625 0.7482418281250001 0.7911070296875 0.7464228765625001 0.8653127828124999 0.73064995625 0.8640820874999999 0.724859990625 0.779869071875 0.558861709375
1 0.5028668359374999 0.8060928140625 0.5342280109375 0.799426790625 0.5911446 0.7860126421875 0.5904342812500001 0.7826708515624999 0.515422878125 0.62148501875 0.434411125 0.635344290625 0.42892778906249995 0.6365098109375 0.5028668359374999 0.8060928140625
0 0.2470919484375 0.6726581625 0.31666766874999996 0.8488654828125 0.35128111875 0.8415081671875001 0.41012275625 0.8286818046875 0.40884798437500003 0.822684478125 0.338526290625 0.6596968484375 0.2470919484375 0.6726581625
1 0.603124015625 0.60149221875 0.6901555515625 0.7694781828124999 0.718712446875 0.7634082265625 0.7796973953124999 0.7487129828125 0.778758325 0.7442949999999999 0.6956076546875 0.5782531203125 0.603124015625 0.60149221875
0 0.6007725015625 0.60222999375 0.51766934375 0.6207037765625001 0.5177183734375 0.6209344453125001 0.5845277109375 0.7657647843750001 0.5932903015625001 0.783912471875 0.6867101390625 0.7696701375 0.686342909375 0.7679424578125 0.6007725015625 0.60222999375
1 0 0.23408240781249998 0.0533779875 0.22273656718749998 0.054442821875000005 0.2224990875 0.053970050000000006 0.22027486562499998 0.017259740625 0.13050578125 0 0.134243853125 0 0.23408240781249998
1 0.018651156250000002 0.13037453906250002 0.056234773437499996 0.22212933750000002 0.132391225 0.205941784375 0.1315242296875 0.201862890625 0.0938270140625 0.11441946875 0.018651156250000002 0.13037453906250002
0 0.134035253125 0.20777910312499998 0.2112909921875 0.19386029375 0.2110182765625 0.192577271875 0.1673581234375 0.099785796875 0.094326715625 0.1140392625 0.134035253125 0.20777910312499998
1 0.2405098640625 0.0867008703125 0.168020403125 0.09933143125 0.211242253125 0.19383220625 0.27334720625000003 0.18237029531249999 0.28499788125 0.1798938671875 0.2842643828125 0.17644303125 0.2405098640625 0.0867008703125
1 0.240872515625 0.08635418125 0.28620640625 0.17963698749999998 0.3614156625 0.163650765625 0.360782390625 0.160671459375 0.3201143671875 0.07538765 0.240872515625 0.08635418125
1 0.9608803203124999 0.8956356828125 0.8698260171875001 0.732544428125 0.7843285843750001 0.75019365625 0.8693809265624999 0.9150844781249999 0.9608803203124999 0.8956356828125
1 0.6933561874999999 0.775234753125 0.77651308125 0.9380189624999999 0.7976572953125001 0.933524621875 0.8667310203125 0.9176872734374999 0.8659809203125001 0.9141583296875 0.7807343546875 0.7518224703125 0.77862689375 0.7522704250000001 0.6933561874999999 0.775234753125
1 1 0.78068158125 0.9596668562499999 0.7079253 0.8747001421875 0.7297227484375 0.87475303125 0.729971571875 0.968125903125 0.9048366890624999 0.994420271875 0.8996883953125 1 0.8985023875 1 0.78068158125
1 0.679911934375 0.9602799796875001 0.7417781515625 0.9485969140625 0.7758487406250001 0.9413549874999999 0.6888870375 0.7748896234375 0.601797415625 0.7902883171874999 0.679911934375 0.9602799796875001
1 0.3754577875 1 0.31119318281249997 0.8513672531250001 0.22357591718749997 0.8694670671875 0.27257363749999997 1 0.3754577875 1
1 0.4829960046875 1 0.40728039374999997 0.8327999671875 0.39002476875 0.8364677640625 0.314615178125 0.8528122015624999 0.3149236046875 0.8542632343750001 0.37828458593750003 1 0.4829960046875 1
1 0.5300064890625 1 0.5846409921875 0.9883870781249999 0.58373711875 0.9841346921874999 0.504025115625 0.814642640625 0.4088355390625 0.8329807609375001 0.4837232796875 1 0.5300064890625 1
1 0.6830263703125 0.9702804609375001 0.59813754375 0.791513984375 0.5068869671875 0.8126690609375 0.5880398 0.992456859375 0.6834303375 0.972180975 0.6830263703125 0.9702804609375001
1 0.2681191515625 1 0.22099116875 0.8705369109375001 0.12597393125 0.89325395625 0.16184656718749998 1 0.2681191515625 1
1 0.5354088359375 0.023245096875 0.5859988375 0.1223037671875 0.621153165625 0.11483148437499999 0.6560321671875 0.1067921421875 0.6551774578125 0.1027710515625 0.603089953125 0.006717821875 0.5354088359375 0.023245096875
1 0.32087468750000003 0.0747602875 0.361379303125 0.16206108749999998 0.412846175 0.151121465625 0.4328588046875 0.146549459375 0.43253112343750005 0.1450078390625 0.388041925 0.06173959531249999 0.32087468750000003 0.0747602875
1 0.6512149578125 0 0.605336809375 0.0078303328125 0.65811325625 0.1084958578125 0.6623272703125 0.10767706562499998 0.729845321875 0.0933256609375 0.7296083296875 0.092210696875 0.6677871234375 0 0.6512149578125 0
1 0.5328709296875 0.027205001562499997 0.46201675625 0.0459309609375 0.510363209375 0.1350270828125 0.5784377828125 0.1223135125 0.5824734578124999 0.12145570312500001 0.5812110640625 0.1155166046875 0.5328709296875 0.027205001562499997
1 0.46013428906250003 0.047576701562500004 0.3897025046875 0.06102318125 0.435842575 0.14820708437500002 0.4717907640625 0.14178722187499998 0.5084626640625001 0.13399236875 0.5080059515625 0.131843703125 0.46013428906250003 0.047576701562500004
1 0.7507600015625 0 0.80471864375 0.0774108453125 0.8735107515625 0.06278863125 0.8733496562499999 0.062030740625000004 0.8295399109374999 0 0.7507600015625 0
0 0.67295226875 0 0.7315484984375 0.09775586093750001 0.737448115625 0.09650185781250001 0.8020686124999999 0.07989465625 0.8014813203125 0.077131671875 0.7493798203125001 0.00454066875 0.74600216875 0 0.67295226875 0
1 0.8316673296875001 0 0.87442338125 0.06337010625 0.9142932796875 0.057314851562500005 0.9154260765625001 0.0570740671875 0.9032946093750001 0 0.8316673296875001 0