0 0.889614315625 0.6021750578125 0.93118219375 0.6552965421875 0.9328504859375 0.6554718875 0.9468073546875001 0.643647975 0.9470999375 0.6408642375 0.9117816281250001 0.5905466875000001 0.889614315625 0.6021750578125
0 0.8853973843749999 0.6661954328124999 0.8868194968750001 0.6663449015625 0.91186475 0.658583734375 0.8725323296875 0.6035701 0.8713161921875001 0.603442278125 0.849269346875 0.607862234375 0.8853973843749999 0.6661954328124999
0 0.871779246875 0.6066522 0.9083289296875 0.6576078875 0.9107105687500001 0.6578582078124999 0.9256512953125 0.650609378125 0.9259579375 0.6476918796875 0.8916709484374999 0.6015065640625 0.871779246875 0.6066522
0 0.823835090625 0.6136552625 0.8622563765625 0.677903175 0.8630246296875 0.677983921875 0.890836621875 0.6679391531250001 0.8910922515624999 0.66550700625 0.8495137328125001 0.6042929609375001 0.8491339046874999 0.6042530390625 0.823835090625 0.6136552625
0 0.7899525109375001 0.620006025 0.8352245421875001 0.6813464406249999 0.8403082453125 0.681880759375 0.863350771875 0.6753321578125 0.8635110953125 0.6738067890624999 0.8245359671875001 0.6134917640625 0.7899525109375001 0.620006025
0 0.6298439140625 0.646778715625 0.668328103125 0.7470735734375 0.6720319781249999 0.747462865625 0.7172311359375 0.73518836875 0.7174198859375001 0.7333925375 0.667312346875 0.6380642812499999 0.6298439140625 0.646778715625
0 0.5835139828125 0.65660375 0.6249183656249999 0.7629354125 0.626671409375 0.7631196640625 0.6755588515625 0.743023546875 0.6757095078125 0.7415901578125 0.6246888859374999 0.6442388984375 0.5835139828125 0.65660375
0 0.5315035015625 0.6544551703125 0.56809001875 0.769531365625 0.569804321875 0.769711546875 0.62344750625 0.7604912671874999 0.6236326015625 0.7587302 0.5842615453125 0.6506947640625 0.5315035015625 0.6544551703125
0 0.47454522499999996 0.6578721296875 0.5081580734375 0.7805144390625001 0.508376378125 0.7805373828125 0.5688666375 0.7715587703125 0.5689863390625 0.7704198953125 0.5294843078125 0.6525305828125 0.47454522499999996 0.6578721296875
0 0.4777441859375 0.6516240843750001 0.42195726718750004 0.6595518203124999 0.42178377031250003 0.6612025312500001 0.44656697031250003 0.78660980625 0.45526115 0.7875236015625 0.5156691828125 0.7844120453125 0.5158000453125 0.7831669828125001 0.4777441859375 0.6516240843750001
0 0.424589625 0.6675078171875 0.3639091484375 0.6737118359375 0.36367420625 0.6759471687499999 0.37696129218749996 0.795005021875 0.383405578125 0.79568234375 0.44399429843749993 0.793689346875 0.4441944484375 0.7917850578125 0.424589625 0.6675078171875
0 0.303498815625 0.67100418125 0.3093301390625 0.8036077671875 0.31177691093750004 0.8038649343750001 0.377615359375 0.7974233359375 0.3778664109375 0.7950347468750001 0.364109240625 0.6733767 0.303498815625 0.67100418125
0 0.24173113906250002 0.6774152484375 0.2357345765625 0.8052992015625 0.24148590312499998 0.805903690625 0.31027843125 0.8102719828125 0.31027886875 0.8102678328125 0.302403975 0.6776163390625001 0.24173113906250002 0.6774152484375
0 0.18575062343749998 0.675919975 0.168575515625 0.8092382468749999 0.18030341562500002 0.8104709 0.239305965625 0.812866221875 0.24138901875 0.7930472984375 0.24581687031250002 0.680670359375 0.22952367968749998 0.6789578765625001 0.18575062343749998 0.675919975
0 0.1338034703125 0.8134390921874999 0.16997831562500001 0.8147591593750001 0.1843284875 0.678226396875 0.12950580625000002 0.675503709375 0.103282521875 0.8102312109375 0.1338034703125 0.8134390921874999
0 0.039370337500000005 0.811369303125 0.0509192109375 0.8125831390625 0.10272869375 0.812979484375 0.125830171875 0.6966697515625 0.1273521953125 0.6821886625 0.075161659375 0.676703215625 0.039370337500000005 0.811369303125
0 0 0.8025179937500001 0.030169564062499998 0.8056889421875001 0.041794042187500005 0.806595165625 0.0742586609375 0.679105128125 0.0743544703125 0.6781935609375 0.0242626859375 0.6744755609374999 0 0.75269638125 0 0.8025179937500001