0 0.9010636249999999 0.4627572046875 0.9582932718749999 0.49845801874999995 0.9599209249999999 0.49805219999999994 0.9689920765625001 0.48216782656249996 0.96831491875 0.4794518984375 0.9179169484375 0.44424844218750004 0.9010636249999999 0.4627572046875
0 0.9189972640624999 0.5243589531249999 0.920384734375 0.5240130171875 0.9412650984375001 0.5081539234375 0.885488940625 0.46991049843750005 0.884302428125 0.470206328125 0.865096884375 0.48190019375000004 0.9189972640624999 0.5243589531249999
0 0.885835415625 0.47306429375 0.9376087546875 0.50844625 0.9399323781250001 0.5078669062500001 0.9514928218750001 0.4959452046875 0.9507831281250001 0.493098775 0.9027675890625 0.4614256140625 0.885835415625 0.47306429375
0 0.843177834375 0.4960428875 0.9012561124999999 0.543275321875 0.9020056515625001 0.5430884421875 0.9247048640625 0.5241371859374999 0.9241132328124999 0.521764284375 0.8641057703125 0.47846258906249994 0.8637351921875001 0.478554984375 0.843177834375 0.4960428875
0 0.8135107125 0.513599178125 0.877032165625 0.555756365625 0.8819920296875001 0.5545197328125 0.90140516875 0.5404850515625 0.9010341171875 0.5389968406250001 0.8437805234375 0.49564953437500003 0.8135107125 0.513599178125
0 0.6722146453125 0.593517640625 0.7426808140625 0.6746016109374999 0.7462944640625 0.6737006265625001 0.7845696546875 0.64670735 0.7841328109375 0.6449552640625 0.7044429421875 0.57251379375 0.6722146453125 0.593517640625
0 0.6320391109375 0.6185959234375 0.7073140734375001 0.7043538703125 0.7090244140624999 0.7039274343749999 0.7480903062500001 0.6683227703125 0.747741628125 0.666924296875 0.666501834375 0.5928941171875 0.6320391109375 0.6185959234375
0 0.5824303875 0.6343655515625 0.6561688453125 0.729988478125 0.6578413875 0.7295714656250001 0.705095971875 0.7025601875 0.704667584375 0.7008420203125 0.630720596875 0.6127876125 0.5824303875 0.6343655515625
0 0.5300757843749999 0.6570573203125 0.6036076703125001 0.760807121875 0.60382065625 0.7607540187499999 0.657592040625 0.7316279953125 0.6573150046875 0.7305168625 0.5798747171875 0.6332476359375 0.5300757843749999 0.6570573203125
0 0.530944865625 0.6500919703125 0.48123375625 0.6766218546875 0.4816352984375 0.6782323546875 0.547815703125 0.7876002921875 0.556298096875 0.7854853937499999 0.6119988640625 0.7619007250000001 0.611695996875 0.7606859906250001 0.530944865625 0.6500919703125
0 0.486428475 0.6831977265625 0.43152937812500003 0.70978154375 0.43207313281250004 0.7119624234375 0.48527909375 0.8192957578125 0.49156639999999996 0.81772815625 0.547819528125 0.7951327906250001 0.5473563015625 0.7932748875 0.486428475 0.6831977265625
0 0.3738361609375 0.7278987296875 0.4246689109375 0.8505109125000001 0.42705608125000005 0.8499157234375 0.486720828125 0.8213445265624999 0.48613979374999994 0.819014121875 0.4316027796875 0.7093981828125 0.3738361609375 0.7278987296875
0 0.317986246875 0.755048953125 0.3560902078125 0.8772715062499999 0.361701434375 0.8758724703125 0.4278393109375 0.8564488906250001 0.4278383 0.8564448406249999 0.3750688390625 0.734486584375 0.317986246875 0.755048953125
0 0.26487035468750003 0.7727903203125 0.2943285671875 0.9039427484375 0.30577078125 0.901089884375 0.3620342890625 0.883160690625 0.357213246875 0.8638245484375 0.3229388921875 0.756710353125 0.3070425953125 0.7606737453125 0.26487035468750003 0.7727903203125
0 0.26309030624999996 0.919782990625 0.29753503124999997 0.9086509234375001 0.2643228265625 0.775444046875 0.21187514375 0.7916360171875 0.2333128359375 0.9272073484375 0.26309030624999996 0.919782990625
0 0.1736442796875 0.950136059375 0.1849118265625 0.94732674375 0.2337323734375 0.9299793015625 0.215660390625 0.8127827328125001 0.2121378 0.7986543968750001 0.16121860625 0.8113499781250001 0.1736442796875 0.950136059375
0 0.11901964375 0.958924509375 0.16305558125 0.9479451171875001 0.17428896562500001 0.9448208828125001 0.1611915671875 0.81391588125 0.1609698234375 0.8130265203124999 0.1126273140625 0.8266651421875 0.11901964375 0.958924509375