0 0.84921875 0.71015625 0.3015625 0.209375
0 0.8265625 0.5578125 0.346875 0.1125
0 0.45 0.6734375 0.19375 0.34375
0 0.4890625 0.43984375 0.115625 0.1328125
0 0.1140625 0.39609375 0.1828125 0.04375
1 0.20859375 0.2875 0.1734375 0.11875
0 0.1578125 0.3625 0.1609375 0.0328125
0 0.0796875 0.44453125 0.159375 0.0625
0 0.50078125 0.34453125 0.084375 0.0703125
1 0.6859375 0.26328125 0.159375 0.103125
0 0.70234375 0.321875 0.1859375 0.03125
0 0.71484375 0.3578125 0.20625 0.0375
0 0.74140625 0.40234375 0.2390625 0.05625
0 0.76953125 0.459375 0.2578125 0.08125