1 0.3234375 0.31015625 0.0828125 0.0984375
0 0.22265625 0.64453125 0.4453125 0.1671875
1 0.24375 0.3125 0.0875 0.0875
1 0.159375 0.31015625 0.0921875 0.0859375
0 0.61796875 0.63359375 0.35625 0.14375
0 0.0671875 0.31484375 0.1 0.078125
0 0.07578125 0.4828125 0.1484375 0.1109375
0 0.221875 0.484375 0.1515625 0.10625
0 0.36171875 0.4859375 0.14375 0.1015625
0 0.49140625 0.48125 0.1265625 0.1
0 0.725 0.48828125 0.1140625 0.0875
0 0.8296875 0.48671875 0.1078125 0.0828125
0 0.6078125 0.48828125 0.1296875 0.0921875
0 0.91640625 0.48828125 0.09375 0.071875