1 0.19140625 0.609375 0.3359375 0.2765625
0 0.67421875 0.26875 0.19375 0.1890625
0 0.3375 0.425 0.1578125 0.1140625
0 0.81875 0.1015625 0.0890625 0.075
1 0.378125 0.265625 0.1703125 0.1359375
0 0.653125 0.16171875 0.1234375 0.1109375
0 0.88203125 0.20546875 0.0890625 0.1046875
0 0.84375 0.14609375 0.09375 0.0890625
0 0.63515625 0.10390625 0.0921875 0.075
0 0.7984375 0.06796875 0.0921875 0.071875
0 0.3375 0.3765625 0.1453125 0.0953125
0 0.7171875 0.5171875 0.4 0.43125
1 0.778125 0.0359375 0.10625 0.071875
0 0.35546875 0.33515625 0.125 0.0796875