1 0.35078125 0.1046875 0.1265625 0.134375
0 0.4546875 0.14140625 0.115625 0.0828125
0 0.46953125 0.03203125 0.0828125 0.0609375
1 0.25234375 0.09921875 0.0984375 0.121875
0 0.7578125 0.15625 0.121875 0.08125
0 0.5546875 0.14453125 0.109375 0.0828125
0 0.6515625 0.14765625 0.1203125 0.090625
0 0.8703125 0.16015625 0.13125 0.084375
0 0.96328125 0.16796875 0.0734375 0.0796875
0 0.803125 0.25625 0.3296875 0.125
0 0.50390625 0.24296875 0.2953125 0.1078125
0 0.575 0.628125 0.3046875 0.425
0 0.328125 0.58671875 0.2640625 0.4
0 0.828125 0.66015625 0.3125 0.4390625
0 0.115625 0.55078125 0.23125 0.3671875
0 0.246875 0.20703125 0.2921875 0.103125
0 0.603125 0.0375 0.078125 0.065625