1 0.11484375 0.16796875 0.1125 0.1484375
1 0.2234375 0.17578125 0.1390625 0.1375
1 0.41796875 0.10234375 0.0875 0.09375
0 0.35078125 0.115625 0.0875 0.0640625
0 0.3328125 0.22109375 0.1234375 0.0796875
0 0.43359375 0.2265625 0.1078125 0.078125
0 0.52578125 0.23515625 0.1140625 0.075
0 0.375 0.3109375 0.3078125 0.125
0 0.6703125 0.33046875 0.3109375 0.11875
0 0.1828125 0.67421875 0.3578125 0.425
0 0.4453125 0.69609375 0.3078125 0.43125
0 0.70078125 0.71640625 0.3421875 0.4265625
1 0.8765625 0.6734375 0.246875 0.525
0 0.6296875 0.2390625 0.121875 0.0765625
0 0.834375 0.24921875 0.1359375 0.0875
0 0.73203125 0.24296875 0.115625 0.08125
0 0.48125 0.11953125 0.0765625 0.0609375
1 0.6796875 0.1109375 0.078125 0.0953125
1 0.6140625 0.1125 0.0765625 0.0859375
1 0.54921875 0.1125 0.075 0.0828125