0 0.7234375 0.7203125 0.3734375 0.253125
0 0.384375 0.88125 0.45 0.2375
0 0.18828125 0.8359375 0.175 0.15625
0 0.32109375 0.775 0.165625 0.1453125
0 0.43515625 0.70234375 0.159375 0.1484375
0 0.55078125 0.65 0.1515625 0.1328125
0 0.65546875 0.59375 0.1375 0.121875
0 0.7546875 0.54765625 0.14375 0.1265625
0 0.84921875 0.50078125 0.1234375 0.1109375
0 0.11171875 0.6859375 0.1125 0.1015625
1 0.19296875 0.64921875 0.10625 0.1015625
1 0.26484375 0.6109375 0.1078125 0.109375
1 0.33359375 0.5765625 0.096875 0.1046875
0 0.93203125 0.453125 0.1125 0.0984375