1 0.35859375 0.275 0.0890625 0.103125
0 0.23515625 0.59765625 0.459375 0.196875
1 0.278125 0.27265625 0.09375 0.09375
1 0.19375 0.275 0.0921875 0.090625
0 0.6265625 0.60234375 0.3625 0.1671875
1 0.78046875 0.32265625 0.0890625 0.096875
1 0.6890625 0.3140625 0.0875 0.09375
0 0.1 0.27578125 0.1015625 0.0796875
0 0.10546875 0.43828125 0.1546875 0.1203125
0 0.24765625 0.4484375 0.153125 0.115625
0 0.38203125 0.45546875 0.14375 0.109375
0 0.5078125 0.4578125 0.1328125 0.109375
0 0.74765625 0.46953125 0.1203125 0.0984375
0 0.8515625 0.47734375 0.103125 0.0890625
0 0.634375 0.4640625 0.13125 0.1
0 0.94609375 0.4796875 0.0921875 0.078125