1 0.11875 0.17421875 0.1328125 0.121875
0 0.42265625 0.6671875 0.2578125 0.3984375
1 0.5171875 0.07421875 0.0703125 0.0796875
0 0.240625 0.20234375 0.1140625 0.0671875
0 0.34921875 0.20234375 0.1015625 0.0640625
0 0.446875 0.20234375 0.1046875 0.0640625
0 0.54609375 0.20078125 0.1046875 0.0671875
0 0.64765625 0.1984375 0.1046875 0.065625
0 0.75 0.19375 0.103125 0.0671875
0 0.5984375 0.28515625 0.2984375 0.090625
0 0.3046875 0.2984375 0.309375 0.0828125
0 0.1578125 0.68359375 0.275 0.3890625
0 0.6734375 0.66015625 0.2671875 0.4
0 0.38359375 0.0921875 0.0734375 0.053125
1 0.45 0.078125 0.0703125 0.08125
0 0.24609375 0.09375 0.078125 0.0515625
1 0.9 0.60234375 0.2 0.5109375
1 0.3171875 0.075 0.0734375 0.0890625