0 0.67109375 0.471875 0.2703125 0.128125
0 0.76875 0.721875 0.4078125 0.29375
0 0.384375 0.4078125 0.159375 0.159375
0 0.703125 0.5640625 0.3125 0.1765625
1 0.61328125 0.27734375 0.1515625 0.0984375
1 0.13203125 0.2234375 0.18125 0.10625
1 0.88984375 0.24375 0.1171875 0.0703125
0 0.44375 0.2609375 0.075 0.0578125
0 0.4234375 0.315625 0.1 0.084375
0 0.65625 0.40703125 0.2453125 0.10625
0 0.27421875 0.63125 0.3375 0.384375
0 0.62890625 0.3625 0.1921875 0.08125
0 0.0671875 0.31015625 0.0859375 0.059375
0 0.621875 0.32890625 0.1625 0.0609375