0 0.12734375 0.703125 0.2546875 0.296875
0 0.40390625 0.8484375 0.4265625 0.303125
0 0.56953125 0.75859375 0.165625 0.1484375
0 0.45078125 0.70703125 0.159375 0.1453125
0 0.3390625 0.665625 0.1625 0.1546875
0 0.21796875 0.6125 0.146875 0.1453125
0 0.10234375 0.56796875 0.146875 0.1390625
1 0.0578125 0.49765625 0.115625 0.1953125
1 0.4640625 0.54375 0.1015625 0.10625
1 0.53203125 0.56171875 0.1 0.0984375
0 0.3921875 0.53125 0.090625 0.0859375
0 0.69921875 0.8171875 0.1828125 0.1609375
1 0.59921875 0.59453125 0.1 0.103125
1 0.3328125 0.48671875 0.1125 0.1171875