1 0.3015625 0.346875 0.0796875 0.0953125
0 0.2109375 0.665625 0.421875 0.196875
1 0.22265625 0.340625 0.090625 0.090625
1 0.13515625 0.33671875 0.0953125 0.0890625
0 0.584375 0.6578125 0.359375 0.1546875
0 0.19140625 0.52109375 0.1578125 0.10625
0 0.33359375 0.52109375 0.146875 0.10625
0 0.4609375 0.52109375 0.1296875 0.1046875
0 0.70703125 0.52578125 0.10625 0.090625
0 0.79296875 0.52734375 0.1125 0.0859375
0 0.58203125 0.52265625 0.128125 0.096875
0 0.8828125 0.52421875 0.090625 0.071875
0 0.8734375 0.640625 0.2390625 0.1328125
1 0.63203125 0.378125 0.0765625 0.0875
1 0.7234375 0.37734375 0.084375 0.0953125