1 0.0546875 0.25546875 0.1078125 0.1453125
1 0.16171875 0.23984375 0.134375 0.134375
1 0.3375 0.128125 0.0859375 0.090625
0 0.2734375 0.15546875 0.0859375 0.0609375
0 0.278125 0.2625 0.1203125 0.0765625
0 0.378125 0.24609375 0.10625 0.0734375
0 0.46953125 0.2359375 0.1125 0.071875
0 0.33828125 0.340625 0.30625 0.115625
0 0.63125 0.2984375 0.309375 0.1078125
0 0.22578125 0.73671875 0.3453125 0.415625
0 0.4875 0.703125 0.2953125 0.4234375
0 0.74140625 0.6703125 0.3296875 0.4171875
1 0.89453125 0.58984375 0.2109375 0.5203125
0 0.57265625 0.21796875 0.1203125 0.0734375
0 0.775 0.18515625 0.134375 0.084375
0 0.6734375 0.2 0.1140625 0.078125
0 0.40234375 0.13203125 0.075 0.059375
1 0.5953125 0.08203125 0.075 0.0921875
1 0.53046875 0.09765625 0.075 0.084375
1 0.4671875 0.1109375 0.071875 0.08125