1 0.3484375 0.28984375 0.09375 0.10625
0 0.21796875 0.609375 0.4359375 0.21875
1 0.26875 0.28203125 0.096875 0.096875
1 0.18515625 0.2703125 0.1 0.0953125
0 0.60078125 0.646875 0.3671875 0.184375
0 0.09296875 0.26328125 0.1078125 0.0875
0 0.08125 0.43125 0.159375 0.1265625
0 0.22578125 0.45078125 0.1609375 0.121875
0 0.3640625 0.46875 0.1546875 0.1171875
0 0.49375 0.48046875 0.1359375 0.1140625
0 0.725 0.515625 0.1234375 0.1
0 0.82890625 0.52734375 0.115625 0.0953125
0 0.60859375 0.5015625 0.1375 0.1046875
0 0.9140625 0.5390625 0.1015625 0.0828125