1 0.4578125 0.3421875 0.084375 0.0984375
0 0.43203125 0.6703125 0.434375 0.1796875
1 0.38828125 0.35625 0.0890625 0.09375
1 0.3109375 0.36328125 0.0890625 0.0921875
0 0.80625 0.61640625 0.371875 0.1734375
0 0.13203125 0.5546875 0.1546875 0.109375
0 0.27734375 0.53515625 0.15 0.1125
0 0.39921875 0.51796875 0.1453125 0.1125
0 0.64765625 0.4890625 0.1296875 0.115625
0 0.7671875 0.4734375 0.1359375 0.1171875
0 0.5234375 0.50078125 0.1359375 0.10625
0 0.8953125 0.46171875 0.146875 0.1125
1 0.80625 0.31484375 0.1015625 0.10625
0 0.234375 0.38671875 0.09375 0.084375