0 0.48671875 0.675 0.3375 0.428125
0 0.24375 0.60546875 0.325 0.40625
0 0.084375 0.5484375 0.16875 0.38125
0 0.7265625 0.7328125 0.321875 0.4515625
0 0.20625 0.2125 0.2890625 0.140625
0 0.4734375 0.27734375 0.28125 0.1359375
0 0.74921875 0.34375 0.309375 0.1375
0 0.9328125 0.29296875 0.1203125 0.0890625
1 0.32578125 0.13203125 0.140625 0.11875
0 0.4265625 0.178125 0.1140625 0.0875
0 0.521875 0.20234375 0.1203125 0.090625
1 0.22578125 0.1 0.11875 0.13125
0 0.61953125 0.2265625 0.1109375 0.08125
0 0.71796875 0.25 0.1140625 0.090625
0 0.8234375 0.26953125 0.128125 0.0890625
0 0.4578125 0.08203125 0.08125 0.065625
1 0.525 0.0890625 0.075 0.0640625
0 0.5859375 0.1046875 0.075 0.0640625
1 0.65 0.11484375 0.0765625 0.071875
1 0.71484375 0.128125 0.0796875 0.0734375
1 0.77890625 0.14140625 0.075 0.075
1 0.846875 0.15234375 0.0859375 0.0796875