1 0.159375 0.43984375 0.1578125 0.1625
0 0.2890625 0.3765625 0.1421875 0.1328125
1 0.53359375 0.240625 0.140625 0.159375
0 0.4140625 0.325 0.1375 0.1359375
0 0.6421875 0.2078125 0.1078125 0.1203125
0 0.76328125 0.14609375 0.1046875 0.1
0 0.8578125 0.09296875 0.1265625 0.0890625
0 0.3328125 0.190625 0.0796875 0.0734375
1 0.47265625 0.1109375 0.0828125 0.0796875
0 0.4046875 0.15546875 0.078125 0.0671875
0 0.259375 0.225 0.084375 0.075
0 0.18203125 0.25390625 0.0890625 0.0765625
0 0.10625 0.2828125 0.0890625 0.0671875