1 0.13125 0.6515625 0.109375 0.14375
1 0.25 0.634375 0.175 0.1625
0 0.36796875 0.653125 0.1078125 0.096875
0 0.484375 0.640625 0.115625 0.1
0 0.60234375 0.6234375 0.134375 0.11875
0 0.7296875 0.60546875 0.153125 0.128125
0 0.871875 0.58828125 0.1609375 0.1171875
1 0.78828125 0.4421875 0.090625 0.0953125
1 0.70859375 0.4546875 0.0984375 0.103125
0 0.56875 0.4984375 0.0890625 0.06875
1 0.6359375 0.46953125 0.0859375 0.0953125
0 0.409375 0.7859375 0.3640625 0.1703125
0 0.78046875 0.728125 0.4390625 0.209375