1 0.16171875 0.13046875 0.146875 0.1359375
0 0.403125 0.65703125 0.303125 0.425
1 0.56875 0.0796875 0.0796875 0.0875
0 0.278125 0.17265625 0.1203125 0.08125
0 0.38671875 0.1859375 0.1078125 0.0765625
0 0.48359375 0.19765625 0.1109375 0.0765625
0 0.58203125 0.20859375 0.1109375 0.0796875
0 0.6828125 0.21875 0.1109375 0.078125
0 0.78515625 0.22578125 0.109375 0.078125
0 0.6234375 0.29921875 0.30625 0.1265625
0 0.33125 0.27578125 0.3171875 0.1203125
0 0.1484375 0.640625 0.296875 0.41875
0 0.653125 0.6796875 0.3125 0.428125
0 0.434375 0.08125 0.078125 0.0609375
1 0.50234375 0.075 0.0796875 0.0890625
0 0.29765625 0.06640625 0.084375 0.059375
1 0.87734375 0.65078125 0.2453125 0.5296875
1 0.37109375 0.05546875 0.0828125 0.096875