0 0.3984375 0.46328125 0.1734375 0.16875
0 0.83203125 0.5875 0.3359375 0.30625
1 0.0953125 0.41640625 0.190625 0.1359375
0 0.6421875 0.34375 0.2453125 0.1234375
0 0.75546875 0.46328125 0.31875 0.1984375
0 0.059375 0.52890625 0.11875 0.0828125
0 0.68359375 0.39296875 0.271875 0.15
1 0.77421875 0.08828125 0.1375 0.084375
0 0.390625 0.3625 0.1125 0.0984375
1 0.546875 0.2375 0.1640625 0.121875
0 0.42421875 0.69609375 0.325 0.3984375
0 0.5984375 0.31171875 0.2015625 0.0953125
0 0.38125 0.309375 0.0859375 0.065625
0 0.58359375 0.28203125 0.1890625 0.0859375
0 0.0796875 0.4828125 0.159375 0.0875