1 0.14296875 0.11171875 0.1328125 0.1234375
0 0.26328125 0.128125 0.1109375 0.0796875
0 0.36875 0.12265625 0.103125 0.078125
0 0.4703125 0.12265625 0.1078125 0.0625
0 0.57109375 0.11484375 0.10625 0.0640625
0 0.675 0.1078125 0.10625 0.0703125
0 0.78046875 0.09765625 0.10625 0.0609375
0 0.32265625 0.21875 0.309375 0.0765625
0 0.6203125 0.20625 0.2984375 0.0921875
0 0.17109375 0.61953125 0.2578125 0.4125
0 0.4375 0.5921875 0.2765625 0.40625
0 0.6828125 0.584375 0.2375 0.396875
1 0.9 0.51484375 0.2 0.50625