0 0.6046875 0.60859375 0.303125 0.434375
0 0.215625 0.11328125 0.1359375 0.0921875
0 0.32109375 0.11953125 0.125 0.09375
0 0.42578125 0.1296875 0.121875 0.090625
0 0.5296875 0.1296875 0.1171875 0.0828125
0 0.6359375 0.13125 0.1109375 0.08125
0 0.571875 0.2234375 0.2984375 0.1171875
0 0.26640625 0.22265625 0.328125 0.134375
0 0.11875 0.62578125 0.2375 0.4453125
0 0.34375 0.61875 0.3171875 0.4484375
1 0.83203125 0.553125 0.3359375 0.4875
0 0.73125 0.13359375 0.1109375 0.090625
1 0.10546875 0.0828125 0.1203125 0.140625