1 0.13984375 0.1796875 0.1453125 0.128125
0 0.25390625 0.1921875 0.11875 0.0828125
0 0.246875 0.0890625 0.0828125 0.0625
0 0.38046875 0.065625 0.0796875 0.059375
1 0.31484375 0.059375 0.0796875 0.090625
1 0.44296875 0.04140625 0.0796875 0.0828125
0 0.55703125 0.15703125 0.1171875 0.0734375
0 0.35703125 0.18125 0.10625 0.08125
0 0.45390625 0.16875 0.1125 0.0796875
0 0.6609375 0.140625 0.11875 0.075
0 0.76875 0.125 0.1125 0.075
0 0.61484375 0.24140625 0.3015625 0.115625
0 0.32578125 0.27578125 0.3140625 0.1140625
0 0.4890625 0.62890625 0.296875 0.425
0 0.23203125 0.67265625 0.3109375 0.41875
0 0.72890625 0.61328125 0.2890625 0.4078125
1 0.8984375 0.54765625 0.203125 0.4859375