0 0.52890625 0.6875 0.13125 0.1046875
0 0.675 0.840625 0.4140625 0.15625
0 0.30390625 0.8171875 0.3453125 0.140625
1 0.05390625 0.65703125 0.0984375 0.13125
1 0.175 0.66171875 0.165625 0.1359375
0 0.28828125 0.67734375 0.1015625 0.1109375
0 0.40625 0.6859375 0.1109375 0.10625
0 0.65078125 0.68984375 0.1359375 0.10625
0 0.7890625 0.690625 0.14375 0.10625
0 0.52421875 0.54140625 0.0703125 0.065625
1 0.59453125 0.528125 0.0765625 0.08125
1 0.66953125 0.521875 0.0828125 0.0859375
1 0.45390625 0.52421875 0.0796875 0.0875
1 0.746875 0.52109375 0.084375 0.090625