0 0.3453125 0.75234375 0.446875 0.1390625
0 0.74296875 0.73125 0.3984375 0.1296875
0 0.21015625 0.60703125 0.140625 0.1015625
0 0.33671875 0.60234375 0.1421875 0.09375
0 0.4640625 0.60234375 0.13125 0.090625
0 0.58828125 0.603125 0.1328125 0.096875
0 0.715625 0.6 0.1265625 0.0875
1 0.42578125 0.434375 0.0765625 0.0984375
1 0.3515625 0.4375 0.0859375 0.0921875
1 0.2734375 0.440625 0.084375 0.0890625
1 0.11640625 0.4296875 0.0921875 0.1078125
0 0.1921875 0.4515625 0.0875 0.065625
0 0.075 0.61484375 0.15 0.1
1 0.759375 0.43671875 0.078125 0.103125
0 0.853125 0.5984375 0.1109375 0.090625