1 0.38359375 0.41484375 0.078125 0.09375
0 0.31875 0.734375 0.4390625 0.1828125
1 0.30625 0.421875 0.0875 0.0875
1 0.22734375 0.428125 0.0859375 0.0875
0 0.70546875 0.69140625 0.35625 0.14375
0 0.16328125 0.59453125 0.1546875 0.1015625
0 0.3046875 0.58515625 0.14375 0.1015625
0 0.43515625 0.5734375 0.1375 0.1015625
0 0.6734375 0.56015625 0.121875 0.1078125
0 0.78828125 0.55703125 0.11875 0.1015625
0 0.5546875 0.56953125 0.125 0.0921875
0 0.89765625 0.54453125 0.10625 0.09375
1 0.7171875 0.4125 0.0859375 0.0859375
1 0.8125 0.40859375 0.0828125 0.0953125
0 0.14375 0.4390625 0.0875 0.0765625