1 0.33203125 0.29375 0.078125 0.0953125
0 0.24921875 0.62890625 0.4453125 0.14375
1 0.25234375 0.3015625 0.084375 0.084375
1 0.16875 0.3140625 0.084375 0.08125
0 0.63828125 0.5859375 0.35 0.1265625
1 0.75703125 0.28984375 0.078125 0.0875
1 0.66484375 0.2921875 0.078125 0.084375
0 0.07578125 0.3265625 0.09375 0.0703125
0 0.10078125 0.48671875 0.14375 0.1046875
0 0.24296875 0.4796875 0.1421875 0.0984375
0 0.37734375 0.4703125 0.134375 0.09375
0 0.50234375 0.45703125 0.121875 0.0953125
0 0.7421875 0.43984375 0.1109375 0.0859375
0 0.84609375 0.434375 0.0953125 0.078125
0 0.62890625 0.44765625 0.121875 0.0859375
0 0.940625 0.42578125 0.084375 0.06875