0 0.821875 0.71875 0.328125 0.246875
0 0.4796875 0.40625 0.15 0.15
0 0.73984375 0.3953125 0.228125 0.084375
1 0.2234375 0.240625 0.1828125 0.109375
0 0.5125 0.315625 0.0953125 0.0828125
0 0.528125 0.26328125 0.0765625 0.0578125
0 0.1265625 0.321875 0.184375 0.06875
1 0.70546875 0.271875 0.1578125 0.0859375
0 0.815625 0.559375 0.359375 0.175
0 0.765625 0.4609375 0.2734375 0.1125
0 0.73359375 0.3515625 0.215625 0.075
1 0.96328125 0.21640625 0.0734375 0.0578125
0 0.3828125 0.62890625 0.3109375 0.36875
0 0.175 0.29296875 0.178125 0.059375
0 0.0734375 0.36328125 0.1234375 0.075