1 0.46640625 0.340625 0.08125 0.0953125
0 0.42265625 0.66640625 0.43125 0.1578125
1 0.39609375 0.35078125 0.084375 0.090625
1 0.31875 0.35390625 0.084375 0.0890625
0 0.79921875 0.63203125 0.3671875 0.15625
0 0.1296875 0.53515625 0.1515625 0.103125
0 0.27578125 0.5234375 0.146875 0.10625
0 0.3984375 0.5125 0.140625 0.10625
0 0.64765625 0.49609375 0.125 0.1109375
0 0.76796875 0.4875 0.13125 0.1109375
0 0.5234375 0.5015625 0.1328125 0.1
0 0.896875 0.4828125 0.1421875 0.10625
1 0.815625 0.33125 0.096875 0.1015625
0 0.240625 0.37265625 0.090625 0.0796875