0 0.35078125 0.71015625 0.446875 0.1390625
0 0.74765625 0.696875 0.4 0.1296875
0 0.21796875 0.565625 0.140625 0.1015625
0 0.34296875 0.56015625 0.1421875 0.09375
0 0.471875 0.56484375 0.13125 0.090625
0 0.59765625 0.5640625 0.1328125 0.096875
0 0.72109375 0.56171875 0.1265625 0.0875
1 0.4328125 0.3953125 0.0765625 0.0984375
1 0.35625 0.39609375 0.0859375 0.0921875
1 0.28203125 0.4 0.084375 0.0890625
1 0.12265625 0.38359375 0.090625 0.1078125
0 0.20078125 0.41015625 0.0875 0.065625
0 0.078125 0.56875 0.15625 0.0984375
1 0.76953125 0.396875 0.08125 0.103125
0 0.86484375 0.56171875 0.1109375 0.090625