1 0.42578125 0.2453125 0.1140625 0.1203125
0 0.209375 0.49765625 0.41875 0.3421875
1 0.35 0.215625 0.1140625 0.1140625
1 0.27421875 0.1765625 0.1125 0.1109375
0 0.54921875 0.65 0.3671875 0.2796875
0 0.1875 0.14296875 0.11875 0.109375
0 0.13046875 0.2921875 0.1765625 0.1609375
0 0.259375 0.35703125 0.171875 0.1546875
0 0.3875 0.409375 0.1625 0.146875
0 0.5 0.46640625 0.153125 0.1421875
0 0.7078125 0.5703125 0.1359375 0.125
0 0.8 0.61171875 0.128125 0.11875
0 0.60703125 0.52109375 0.1484375 0.134375
0 0.88515625 0.6484375 0.1125 0.103125