0 0.52578125 0.7015625 0.1359375 0.1109375
0 0.5328125 0.85625 0.4125 0.171875
0 0.16640625 0.82890625 0.3328125 0.1359375
1 0.0609375 0.6625 0.121875 0.1625
0 0.15 0.6921875 0.1109375 0.11875
0 0.2765625 0.6984375 0.1203125 0.103125
0 0.4046875 0.6953125 0.128125 0.1109375
0 0.65390625 0.70546875 0.1453125 0.1140625
0 0.796875 0.71015625 0.1515625 0.1140625
0 0.40703125 0.55546875 0.0828125 0.0703125
1 0.47890625 0.54921875 0.078125 0.0796875
1 0.55 0.54609375 0.0859375 0.084375
1 0.334375 0.54296875 0.096875 0.0875
1 0.6234375 0.5453125 0.0828125 0.084375