0 0.33203125 0.7125 0.4515625 0.1546875
0 0.72890625 0.7046875 0.4015625 0.14375
0 0.2046875 0.5625 0.14375 0.10625
0 0.33359375 0.56484375 0.1453125 0.0984375
0 0.46328125 0.5640625 0.134375 0.0953125
0 0.590625 0.56953125 0.1359375 0.1015625
0 0.7203125 0.56484375 0.1296875 0.0921875
1 0.42890625 0.39375 0.0796875 0.1015625
1 0.35390625 0.39296875 0.0890625 0.0953125
1 0.27734375 0.39453125 0.0875 0.0921875
1 0.115625 0.3765625 0.0953125 0.109375
0 0.1984375 0.39921875 0.0890625 0.06875
0 0.07421875 0.56328125 0.1484375 0.1046875
1 0.76484375 0.40546875 0.084375 0.1046875
0 0.85078125 0.5703125 0.1140625 0.0953125