0 0.53828125 0.6671875 0.2984375 0.40625
0 0.28359375 0.69609375 0.3109375 0.40625
0 0.090625 0.71796875 0.1765625 0.36875
0 0.7828125 0.6375 0.2765625 0.4328125
0 0.12578125 0.33515625 0.2515625 0.1109375
0 0.384375 0.303125 0.28125 0.1046875
0 0.6625 0.259375 0.30625 0.1109375
0 0.8140625 0.15078125 0.115625 0.0765625
1 0.1921875 0.2203125 0.1328125 0.10625
0 0.30234375 0.22578125 0.1078125 0.078125
0 0.40234375 0.21484375 0.1140625 0.078125
1 0.08828125 0.225 0.1078125 0.1234375
0 0.5 0.196875 0.10625 0.0703125
0 0.59921875 0.18046875 0.1078125 0.0796875
0 0.70546875 0.1640625 0.1234375 0.075
0 0.2984375 0.11875 0.0765625 0.0578125
1 0.36328125 0.10546875 0.0703125 0.0578125
0 0.428125 0.09296875 0.0703125 0.0578125
1 0.48984375 0.08046875 0.0703125 0.065625
1 0.5546875 0.0671875 0.0734375 0.065625
1 0.61953125 0.05703125 0.0703125 0.0703125
1 0.6875 0.04453125 0.0796875 0.071875