0 0.14765625 0.61171875 0.2953125 0.4453125
0 0.3828125 0.63828125 0.3421875 0.4453125
0 0.62734375 0.6546875 0.3140625 0.45
1 0.85390625 0.66171875 0.2921875 0.4390625
0 0.33203125 0.25234375 0.3203125 0.146875
0 0.284375 0.146875 0.1328125 0.0984375
0 0.39453125 0.1625 0.1234375 0.09375
0 0.49453125 0.18203125 0.11875 0.0890625
0 0.59765625 0.1890625 0.11875 0.090625
0 0.69765625 0.2046875 0.1125 0.0890625
1 0.390625 0.040625 0.0828125 0.078125
1 0.17109375 0.096875 0.15 0.1609375
0 0.62265625 0.29921875 0.2984375 0.153125
0 0.79609375 0.2125 0.1109375 0.0828125
0 0.31796875 0.04375 0.075 0.0546875
0 0.4546875 0.0609375 0.0828125 0.0640625
1 0.52109375 0.0640625 0.0765625 0.078125
1 0.5859375 0.07421875 0.0765625 0.0703125
1 0.65 0.08359375 0.0734375 0.071875