0 0.60390625 0.7953125 0.3578125 0.14375
0 0.21484375 0.82109375 0.4296875 0.1734375
0 0.0734375 0.665625 0.146875 0.115625
0 0.21875 0.66875 0.1421875 0.1078125
0 0.35234375 0.653125 0.1328125 0.1125
0 0.4796875 0.65703125 0.13125 0.096875
0 0.5984375 0.65234375 0.1171875 0.090625
0 0.7078125 0.65390625 0.1234375 0.09375
0 0.81328125 0.65390625 0.10625 0.0828125
0 0.06953125 0.496875 0.0953125 0.0765625
1 0.15859375 0.49921875 0.0875 0.0796875
1 0.240625 0.496875 0.0859375 0.0875
1 0.3171875 0.49609375 0.0734375 0.0875
0 0.90859375 0.64765625 0.096875 0.071875