0 0.45546875 0.6984375 0.15625 0.14375
0 0.40859375 0.84609375 0.4125 0.2921875
0 0.1203125 0.690625 0.240625 0.24375
1 0.05546875 0.496875 0.1109375 0.19375
0 0.1046875 0.5609375 0.1359375 0.140625
0 0.221875 0.61015625 0.1390625 0.13125
0 0.34375 0.65078125 0.1484375 0.140625
0 0.575 0.74609375 0.1640625 0.1484375
0 0.70703125 0.79921875 0.1703125 0.1515625
0 0.39375 0.5203125 0.0953125 0.0890625
1 0.46328125 0.5390625 0.0953125 0.096875
1 0.53125 0.5609375 0.103125 0.1015625
1 0.3296875 0.48359375 0.1125 0.109375
1 0.60078125 0.584375 0.1 0.1015625