1 0.240625 0.0578125 0.159375 0.115625
0 0.35546875 0.08515625 0.1265625 0.1015625
0 0.4578125 0.11015625 0.1171875 0.0984375
0 0.55390625 0.1375 0.1203125 0.0921875
0 0.6578125 0.15625 0.11875 0.090625
0 0.76328125 0.17265625 0.128125 0.0984375
0 0.865625 0.1890625 0.1171875 0.0828125
0 0.396875 0.19453125 0.3109375 0.1421875
0 0.68671875 0.2546875 0.3109375 0.1578125
0 0.16328125 0.53125 0.3265625 0.459375
0 0.41171875 0.596875 0.359375 0.4578125
0 0.66953125 0.63671875 0.3203125 0.440625
1 0.86484375 0.6171875 0.2703125 0.5375