0 0.7703125 0.73203125 0.4046875 0.278125
0 0.675 0.42421875 0.2296875 0.1
1 0.15703125 0.22578125 0.2015625 0.1109375
0 0.41328125 0.409375 0.14375 0.1390625
0 0.4515625 0.32421875 0.1 0.08125
0 0.7546875 0.8953125 0.35 0.209375
1 0.64453125 0.30546875 0.1546875 0.0984375
1 0.91171875 0.28203125 0.13125 0.0765625
0 0.68671875 0.4859375 0.253125 0.1296875
0 0.32265625 0.615625 0.3046875 0.3640625
0 0.71953125 0.58125 0.315625 0.171875
0 0.4671875 0.27734375 0.090625 0.0546875
0 0.0859375 0.3015625 0.10625 0.0609375
0 0.6640625 0.38359375 0.209375 0.0828125
0 0.97734375 0.33046875 0.0453125 0.0515625
0 0.484375 0.2453125 0.06875 0.04375