0 0.36484375 0.44609375 0.13125 0.1390625
0 0.31171875 0.6953125 0.234375 0.371875
0 0.3796875 0.346875 0.0984375 0.0734375
0 0.39140625 0.29296875 0.0671875 0.046875
1 0.5734375 0.27734375 0.1328125 0.0984375
0 0.5828125 0.3390625 0.1515625 0.034375
0 0.58984375 0.37421875 0.1578125 0.040625
0 0.61875 0.41875 0.20625 0.0546875
0 0.65234375 0.47734375 0.2578125 0.0765625
0 0.69140625 0.57109375 0.2921875 0.121875
0 0.75703125 0.73359375 0.3359375 0.23125
0 0.05703125 0.33515625 0.1140625 0.0390625
1 0.078125 0.2703125 0.15625 0.1125