1 0.10703125 0.19765625 0.1328125 0.1265625
0 0.42265625 0.69375 0.26875 0.3984375
1 0.50078125 0.0859375 0.0703125 0.0796875
0 0.23046875 0.22265625 0.1140625 0.0671875
0 0.33828125 0.21796875 0.1015625 0.065625
0 0.43515625 0.2109375 0.1046875 0.065625
0 0.53515625 0.20234375 0.1046875 0.0671875
0 0.6359375 0.19609375 0.1046875 0.0671875
0 0.7375 0.18984375 0.103125 0.065625
0 0.590625 0.28203125 0.2984375 0.090625
0 0.2984375 0.3046875 0.309375 0.0828125
0 0.15625 0.703125 0.275 0.3890625
0 0.68515625 0.659375 0.2671875 0.3984375
0 0.36953125 0.103125 0.0734375 0.053125
1 0.43515625 0.0875 0.0703125 0.08125
0 0.23046875 0.1125 0.078125 0.0515625
1 0.9015625 0.56484375 0.196875 0.5109375
1 0.30390625 0.09140625 0.0734375 0.0890625
1 0.56328125 0.0734375 0.0609375 0.0921875