0 0.25 0.33828125 0.128125 0.1296875
0 0.3703125 0.3375 0.1421875 0.1296875
1 0.50078125 0.303125 0.15 0.1875
1 0.15625 0.31171875 0.146875 0.1859375
1 0.2796875 0.16484375 0.09375 0.096875
0 0.35 0.18515625 0.0828125 0.0765625
0 0.6265625 0.3171875 0.1546875 0.1421875
0 0.75625 0.3046875 0.153125 0.1390625
1 0.909375 0.26875 0.18125 0.16875
0 0.41796875 0.1703125 0.0765625 0.071875
0 0.490625 0.16484375 0.0875 0.071875
0 0.56484375 0.16015625 0.0890625 0.0796875
0 0.6390625 0.153125 0.0859375 0.0875
0 0.715625 0.14765625 0.0890625 0.078125
0 0.7984375 0.13828125 0.090625 0.0734375
1 0.88984375 0.11015625 0.109375 0.1109375
0 0.2390625 0.49609375 0.3890625 0.234375
0 0.61484375 0.48671875 0.4171875 0.2546875