0 0.53203125 0.80078125 0.43125 0.1953125
0 0.17578125 0.7484375 0.3515625 0.196875
1 0.07578125 0.56171875 0.1515625 0.1734375
0 0.171875 0.60859375 0.1109375 0.115625
0 0.29296875 0.62109375 0.128125 0.1140625
0 0.42109375 0.634375 0.1359375 0.1078125
0 0.5375 0.6515625 0.140625 0.1125
0 0.66484375 0.665625 0.15 0.11875
0 0.80546875 0.684375 0.1703125 0.128125
0 0.43046875 0.49140625 0.0875 0.0734375
1 0.36328125 0.46953125 0.090625 0.09375
1 0.50390625 0.4921875 0.0875 0.084375
1 0.57578125 0.49296875 0.0890625 0.0953125
1 0.65 0.49765625 0.090625 0.1