0 0.196875 0.68046875 0.2359375 0.3828125
0 0.4484375 0.68203125 0.2875 0.3796875
0 0.70234375 0.671875 0.234375 0.3953125
1 0.90078125 0.60390625 0.1984375 0.5109375
0 0.34921875 0.30078125 0.2984375 0.0671875
0 0.63984375 0.29296875 0.29375 0.06875
1 0.1734375 0.1875 0.125 0.109375
0 0.2953125 0.21015625 0.121875 0.0609375
0 0.3921875 0.20859375 0.109375 0.0625
0 0.48984375 0.20625 0.1046875 0.05625
0 0.5921875 0.2046875 0.10625 0.05625
0 0.69609375 0.2 0.1015625 0.05625
0 0.80234375 0.19140625 0.1109375 0.0578125
1 0.0671875 0.1859375 0.096875 0.11875
0 0.29921875 0.103125 0.078125 0.0484375
1 0.36796875 0.08671875 0.065625 0.075
0 0.43125 0.09375 0.0671875 0.059375