0 0.38046875 0.5859375 0.3203125 0.421875
0 0.8046875 0.01640625 0.10625 0.0328125
0 0.6203125 0.50234375 0.3078125 0.4171875
0 0.13984375 0.66640625 0.2796875 0.4015625
0 0.21875 0.17265625 0.1265625 0.078125
1 0.83671875 0.38359375 0.3265625 0.4296875
0 0.19765625 0.27109375 0.3234375 0.1390625
0 0.4890625 0.19140625 0.309375 0.1328125
0 0.321875 0.13984375 0.1234375 0.084375
0 0.42109375 0.11015625 0.1140625 0.0859375
0 0.5171875 0.0828125 0.121875 0.08125
0 0.61328125 0.05078125 0.1140625 0.0796875
0 0.71015625 0.03046875 0.1078125 0.0609375
0 0.11328125 0.19765625 0.1328125 0.0921875
1 0.03203125 0.1953125 0.0640625 0.14375