1 0.15 0.11640625 0.140625 0.121875
0 0.26328125 0.14453125 0.121875 0.075
0 0.27890625 0.0375 0.08125 0.0578125
0 0.4125 0.0390625 0.0765625 0.05625
1 0.346875 0.03125 0.075 0.0625
1 0.4796875 0.0328125 0.071875 0.065625
0 0.57578125 0.1515625 0.115625 0.0640625
0 0.37265625 0.14921875 0.103125 0.0734375
0 0.46953125 0.15234375 0.109375 0.0734375
0 0.675 0.15234375 0.115625 0.06875
0 0.78125 0.15 0.1109375 0.071875
0 0.61953125 0.2390625 0.2984375 0.1
0 0.32421875 0.23359375 0.3109375 0.0984375
0 0.434375 0.63671875 0.275 0.390625
0 0.1703125 0.63203125 0.2921875 0.40625
0 0.68671875 0.63046875 0.26875 0.396875
1 0.9015625 0.58359375 0.196875 0.4765625