1 0.32890625 0.39453125 0.0875 0.09375
0 0.29375 0.72265625 0.4484375 0.1796875
1 0.25 0.40859375 0.0921875 0.0828125
1 0.16796875 0.425 0.0921875 0.0796875
0 0.66640625 0.63515625 0.3609375 0.15625
1 0.75 0.33203125 0.090625 0.096875
1 0.65625 0.34921875 0.0890625 0.09375
0 0.0828125 0.44609375 0.103125 0.08125
0 0.1203125 0.60234375 0.15625 0.1234375
0 0.2625 0.578125 0.153125 0.1171875
0 0.396875 0.55234375 0.1453125 0.1109375
0 0.5234375 0.5296875 0.134375 0.1109375
0 0.7625 0.478125 0.1109375 0.1
0 0.85390625 0.4578125 0.1046875 0.0890625
0 0.64296875 0.50078125 0.1328125 0.1015625