0 0.6296875 0.60703125 0.296875 0.434375
0 0.23984375 0.0953125 0.1296875 0.0859375
1 0.1171875 0.0640625 0.146875 0.128125
0 0.34921875 0.10859375 0.115625 0.090625
0 0.45078125 0.11796875 0.1171875 0.08125
0 0.553125 0.11796875 0.1171875 0.08125
0 0.65625 0.1265625 0.1109375 0.0796875
0 0.58984375 0.21640625 0.2984375 0.1125
0 0.29765625 0.18828125 0.315625 0.1125
0 0.1328125 0.58671875 0.265625 0.4453125
0 0.37265625 0.59375 0.3140625 0.4375
1 0.84453125 0.57890625 0.3109375 0.4421875
0 0.7609375 0.1296875 0.1109375 0.0890625