0 0.6375 0.56171875 0.3390625 0.4515625
0 0.09140625 0.24765625 0.140625 0.103125
0 0.1921875 0.2140625 0.1296875 0.1046875
0 0.2921875 0.184375 0.1265625 0.1
0 0.3890625 0.1453125 0.1234375 0.09375
0 0.48828125 0.10703125 0.1171875 0.090625
0 0.46328125 0.2171875 0.3015625 0.1453125
0 0.17890625 0.33046875 0.33125 0.1640625
0 0.17265625 0.76875 0.3234375 0.4609375
0 0.39921875 0.66875 0.3546875 0.465625
1 0.81953125 0.4203125 0.3609375 0.509375
0 0.57734375 0.0734375 0.1171875 0.1
1 0.021875 0.259375 0.04375 0.15