0 0.26953125 0.1953125 0.1359375 0.0859375
0 0.6046875 0.32578125 0.3078125 0.1171875
1 0.83359375 0.66640625 0.3328125 0.5515625
0 0.14609375 0.67265625 0.2921875 0.4421875
0 0.37421875 0.69765625 0.3328125 0.45625
0 0.61328125 0.71953125 0.3046875 0.434375
0 0.371875 0.21171875 0.121875 0.084375
0 0.4703125 0.22734375 0.1203125 0.08125
0 0.5734375 0.24296875 0.121875 0.0765625
0 0.66796875 0.253125 0.1046875 0.075
0 0.76796875 0.26328125 0.1125 0.0796875
1 0.62578125 0.12265625 0.0828125 0.0859375
1 0.56328125 0.115625 0.0796875 0.0875
0 0.425 0.11015625 0.0796875 0.0578125
1 0.4921875 0.1046875 0.0765625 0.0828125
1 0.36171875 0.0859375 0.084375 0.0890625