0 0.321875 0.546875 0.3375 0.43125
0 0.83203125 0.09921875 0.109375 0.084375
0 0.584375 0.5421875 0.325 0.428125
0 0.1125 0.52890625 0.225 0.4046875
0 0.2078125 0.04765625 0.140625 0.0953125
1 0.8171875 0.4953125 0.35625 0.440625
0 0.2546875 0.14921875 0.3453125 0.159375
0 0.56796875 0.16875 0.3109375 0.1484375
0 0.3203125 0.05625 0.128125 0.1
0 0.4265625 0.06640625 0.1234375 0.0921875
0 0.5328125 0.078125 0.11875 0.09375
0 0.63515625 0.08203125 0.1140625 0.09375
0 0.7359375 0.09296875 0.1109375 0.0875