0 0.5046875 0.703125 0.14375 0.121875
0 0.4953125 0.8578125 0.4171875 0.2109375
0 0.1515625 0.79140625 0.303125 0.1703125
1 0.05703125 0.6140625 0.1140625 0.175
0 0.13125 0.6546875 0.1203125 0.128125
0 0.25703125 0.67421875 0.128125 0.1125
0 0.384375 0.684375 0.1359375 0.121875
0 0.63203125 0.7203125 0.153125 0.1265625
0 0.7734375 0.740625 0.159375 0.1265625
0 0.40234375 0.5453125 0.0875 0.0765625
1 0.47421875 0.546875 0.084375 0.0859375
1 0.5453125 0.5515625 0.0921875 0.0921875
1 0.33046875 0.525 0.103125 0.0953125
1 0.61796875 0.5578125 0.0890625 0.090625