1 0.1796875 0.08203125 0.146875 0.134375
0 0.29921875 0.109375 0.11875 0.0875
0 0.40390625 0.11953125 0.109375 0.0859375
0 0.503125 0.13359375 0.1140625 0.078125
0 0.60859375 0.1375 0.1125 0.078125
0 0.71484375 0.1390625 0.1203125 0.084375
0 0.81953125 0.14140625 0.1109375 0.0703125
0 0.3546875 0.21171875 0.30625 0.103125
0 0.65078125 0.23046875 0.3046875 0.11875
0 0.1625 0.5796875 0.2921875 0.4328125
0 0.4265625 0.6078125 0.309375 0.428125
0 0.68671875 0.61171875 0.271875 0.415625
1 0.88671875 0.5625 0.2265625 0.521875