1 0.07265625 0.2015625 0.1453125 0.15
0 0.18828125 0.190625 0.1265625 0.1015625
0 0.29140625 0.16796875 0.1171875 0.0984375
0 0.38984375 0.15 0.1203125 0.0921875
0 0.49140625 0.121875 0.11875 0.090625
0 0.59296875 0.090625 0.128125 0.0984375
0 0.69296875 0.06015625 0.1171875 0.0828125
0 0.2734375 0.27109375 0.3109375 0.1421875
0 0.56015625 0.19765625 0.3109375 0.1578125
0 0.20390625 0.6796875 0.34375 0.459375
0 0.46328125 0.62578125 0.359375 0.4578125
0 0.7125 0.5484375 0.3203125 0.440625
1 0.87109375 0.4375 0.2578125 0.5375