1 0.06171875 0.19140625 0.1234375 0.1453125
0 0.175 0.19296875 0.128125 0.08125
0 0.23984375 0.28203125 0.3203125 0.1125
0 0.5375 0.22421875 0.3046875 0.1125
1 0.8484375 0.4390625 0.303125 0.3875
0 0.6265625 0.5515625 0.278125 0.3640625
0 0.396875 0.621875 0.3078125 0.3953125
0 0.14609375 0.67109375 0.2625 0.3890625
0 0.2765625 0.17578125 0.115625 0.0796875
0 0.378125 0.159375 0.1125 0.065625
0 0.47890625 0.14140625 0.1078125 0.075
0 0.578125 0.1171875 0.109375 0.078125
0 0.67890625 0.0953125 0.109375 0.071875
0 0.784375 0.0765625 0.1171875 0.071875