0 0.146875 0.61796875 0.29375 0.4421875
0 0.38515625 0.63984375 0.3359375 0.4421875
0 0.6296875 0.65234375 0.3078125 0.4484375
1 0.85703125 0.6546875 0.2859375 0.4375
0 0.32734375 0.25546875 0.3203125 0.140625
0 0.278125 0.15078125 0.1328125 0.0953125
0 0.38828125 0.1640625 0.1234375 0.0921875
0 0.4890625 0.18203125 0.11875 0.0875
0 0.5921875 0.1875 0.1171875 0.0890625
0 0.69296875 0.2015625 0.1125 0.0875
1 0.38203125 0.04296875 0.08125 0.0765625
1 0.1640625 0.103125 0.1484375 0.159375
0 0.61875 0.296875 0.2984375 0.1484375
0 0.790625 0.20703125 0.1109375 0.08125
0 0.31015625 0.046875 0.075 0.0546875
0 0.446875 0.06171875 0.0828125 0.0625
1 0.5140625 0.06328125 0.0765625 0.0765625
1 0.57890625 0.07265625 0.0765625 0.06875
1 0.64296875 0.08046875 0.071875 0.0703125