1 0.29921875 0.35078125 0.078125 0.09375
0 0.21171875 0.6703125 0.4234375 0.190625
1 0.2203125 0.34609375 0.0890625 0.0890625
1 0.1328125 0.34296875 0.09375 0.0875
0 0.58671875 0.65625 0.3578125 0.15
0 0.1921875 0.5265625 0.15625 0.1046875
0 0.33359375 0.5234375 0.1453125 0.103125
0 0.46171875 0.521875 0.128125 0.103125
0 0.7078125 0.52265625 0.1046875 0.0890625
0 0.79375 0.521875 0.1109375 0.084375
0 0.58203125 0.52109375 0.1265625 0.0953125
0 0.88359375 0.5171875 0.090625 0.0703125
0 0.87578125 0.634375 0.2375 0.128125
1 0.6296875 0.37578125 0.075 0.0859375
1 0.72109375 0.3734375 0.0828125 0.09375