1 0.18125 0.13828125 0.1375 0.1171875
0 0.29296875 0.1640625 0.1140625 0.071875
0 0.29921875 0.0609375 0.0796875 0.05625
0 0.434375 0.05390625 0.075 0.053125
1 0.36875 0.04140625 0.071875 0.0828125
1 0.49921875 0.03828125 0.0734375 0.0765625
0 0.59765625 0.16640625 0.1125 0.0625
0 0.396875 0.16640625 0.1 0.0734375
0 0.49453125 0.165625 0.1078125 0.0703125
0 0.70390625 0.1625 0.1140625 0.065625
0 0.8125 0.1609375 0.1078125 0.065625
0 0.6453125 0.25703125 0.2953125 0.090625
0 0.35390625 0.25625 0.3078125 0.0875
0 0.4734375 0.6265625 0.2625 0.4046875
0 0.21328125 0.6390625 0.278125 0.396875
0 0.71328125 0.640625 0.25625 0.3875
1 0.90390625 0.5984375 0.1921875 0.471875