0 0.5640625 0.59453125 0.3109375 0.4421875
1 0.359375 0.0578125 0.140625 0.115625
0 0.80625 0.23203125 0.328125 0.1265625
0 0.46640625 0.090625 0.11875 0.0890625
1 0.2609375 0.05 0.10625 0.1
0 0.56171875 0.103125 0.10625 0.0859375
0 0.6625 0.11640625 0.1140625 0.08125
0 0.76953125 0.12890625 0.11875 0.084375
0 0.88203125 0.1390625 0.1296875 0.0859375
0 0.5109375 0.18515625 0.3 0.121875
0 0.246875 0.14609375 0.259375 0.1140625
0 0.11796875 0.49453125 0.2359375 0.3921875
0 0.32109375 0.54609375 0.315625 0.4234375
0 0.81875 0.646875 0.3625 0.4625
0 0.96640625 0.15234375 0.0671875 0.0953125