1 0.06015625 0.2 0.1203125 0.146875
0 0.16953125 0.1984375 0.1296875 0.084375
0 0.23671875 0.28671875 0.321875 0.1171875
0 0.5328125 0.22421875 0.3046875 0.1171875
1 0.846875 0.43203125 0.30625 0.3921875
0 0.628125 0.54921875 0.284375 0.3671875
0 0.39921875 0.6234375 0.3140625 0.3984375
0 0.14921875 0.67734375 0.26875 0.3921875
0 0.27109375 0.1796875 0.1171875 0.0828125
0 0.37265625 0.16171875 0.1125 0.0671875
0 0.47265625 0.14140625 0.109375 0.0765625
0 0.57109375 0.11640625 0.1109375 0.0796875
0 0.671875 0.0921875 0.1109375 0.0734375
0 0.77734375 0.071875 0.11875 0.075