1 0.20703125 0.07109375 0.1546875 0.1375
0 0.315625 0.11484375 0.1296875 0.090625
0 0.3453125 0.02265625 0.0875 0.0453125
0 0.47734375 0.03203125 0.0828125 0.0640625
1 0.41484375 0.02578125 0.0828125 0.0515625
1 0.54609375 0.0359375 0.0796875 0.071875
0 0.62421875 0.165625 0.121875 0.0796875
0 0.42265625 0.13515625 0.1109375 0.0859375
0 0.51796875 0.1515625 0.1171875 0.0875
0 0.72109375 0.18046875 0.121875 0.0828125
0 0.82734375 0.19296875 0.1171875 0.0859375
0 0.6546875 0.2578125 0.3046875 0.1390625
0 0.3625 0.21171875 0.3171875 0.1390625
0 0.415625 0.62578125 0.3234375 0.4203125
0 0.1625 0.584375 0.325 0.4375
0 0.66640625 0.6546875 0.3171875 0.425
1 0.878125 0.6390625 0.24375 0.49375