1 0.1875 0.39140625 0.15 0.15625
0 0.32109375 0.3578125 0.1375 0.1265625
1 0.5796875 0.2609375 0.1421875 0.159375
0 0.45 0.31640625 0.134375 0.1234375
0 0.7015625 0.24453125 0.103125 0.1171875
0 0.0578125 0.45078125 0.115625 0.125
0 0.8171875 0.21015625 0.1015625 0.0953125
0 0.9078125 0.17109375 0.1234375 0.08125
0 0.3875 0.17890625 0.0765625 0.071875
1 0.53125 0.121875 0.0828125 0.0875
1 0.6140625 0.09375 0.0875 0.0984375
0 0.4578125 0.1609375 0.06875 0.065625
0 0.309375 0.2 0.0828125 0.0734375
0 0.228125 0.22890625 0.090625 0.0671875
0 0.14765625 0.246875 0.0875 0.065625