1 0.20546875 0.34921875 0.16875 0.175
0 0.34296875 0.334375 0.1515625 0.14375
1 0.61171875 0.27421875 0.1625 0.1765625
0 0.4765625 0.3109375 0.1484375 0.1390625
0 0.73515625 0.275 0.1171875 0.128125
0 0.06875 0.38984375 0.13125 0.1390625
0 0.8546875 0.25703125 0.1125 0.1078125
0 0.94140625 0.23125 0.1171875 0.096875
0 0.43359375 0.16640625 0.0859375 0.08125
1 0.58359375 0.1296875 0.09375 0.096875
1 0.66953125 0.11328125 0.1 0.109375
0 0.50546875 0.15859375 0.0765625 0.0734375
0 0.353125 0.1765625 0.090625 0.0828125
0 0.26875 0.19375 0.0984375 0.078125
0 0.18671875 0.2 0.09375 0.0765625