0 0.35625 0.615625 0.3375 0.43125
0 0.640625 0.0203125 0.109375 0.040625
0 0.59453125 0.50390625 0.325 0.428125
0 0.1359375 0.69453125 0.271875 0.4046875
0 0.059375 0.20234375 0.11875 0.1015625
1 0.78828125 0.3671875 0.35625 0.440625
0 0.15234375 0.2796875 0.3046875 0.159375
0 0.42734375 0.16953125 0.3109375 0.1484375
0 0.15546875 0.1671875 0.128125 0.1
0 0.25703125 0.13359375 0.1234375 0.0921875
0 0.35859375 0.10078125 0.11875 0.09375
0 0.45390625 0.06328125 0.1140625 0.09375
0 0.54921875 0.03828125 0.1109375 0.0765625