1 0.15390625 0.50625 0.18125 0.184375
0 0.26953125 0.41953125 0.1609375 0.1546875
1 0.48359375 0.2390625 0.165625 0.178125
0 0.38203125 0.34453125 0.1578125 0.15625
0 0.584375 0.1859375 0.125 0.1359375
0 0.69140625 0.10234375 0.1203125 0.115625
0 0.7734375 0.04296875 0.1375 0.0859375
0 0.2765625 0.228125 0.090625 0.0859375
1 0.39921875 0.1234375 0.0953125 0.0921875
0 0.340625 0.18046875 0.0875 0.0796875
0 0.2109375 0.27578125 0.0953125 0.0875
0 0.140625 0.31875 0.1 0.0890625
0 0.07265625 0.3625 0.0984375 0.0828125