0 0.22109375 0.70859375 0.3609375 0.4578125
0 0.484375 0.64609375 0.3484375 0.4453125
0 0.72890625 0.5890625 0.3640625 0.4515625
1 0.86953125 0.48828125 0.2609375 0.5203125
0 0.57109375 0.228125 0.3171875 0.140625
0 0.2828125 0.29453125 0.3125 0.14375
1 0.015625 0.23671875 0.03125 0.1453125
1 0.08046875 0.215625 0.15 0.1546875
0 0.17890625 0.109375 0.09375 0.071875
0 0.19921875 0.2203125 0.1203125 0.08125
0 0.3015625 0.2 0.11875 0.0828125
0 0.3140625 0.08203125 0.0828125 0.0625
1 0.246875 0.08359375 0.0921875 0.09375
1 0.37578125 0.0546875 0.084375 0.0890625
1 0.4390625 0.03984375 0.08125 0.0796875
1 0.503125 0.0328125 0.0875 0.065625
0 0.50234375 0.153125 0.125 0.0875
0 0.6015625 0.12734375 0.1171875 0.084375
0 0.69609375 0.10234375 0.1109375 0.0796875
0 0.4 0.178125 0.11875 0.0859375