1 0.38515625 0.4125 0.0765625 0.0921875
0 0.31484375 0.73046875 0.4359375 0.175
1 0.3078125 0.41875 0.0875 0.0859375
1 0.228125 0.4234375 0.084375 0.0859375
0 0.70234375 0.69453125 0.3546875 0.1375
0 0.16171875 0.58828125 0.153125 0.0984375
0 0.30390625 0.58203125 0.1421875 0.0984375
0 0.43359375 0.57265625 0.1359375 0.0984375
0 0.67265625 0.56328125 0.11875 0.1046875
0 0.7875 0.56171875 0.1171875 0.1
0 0.553125 0.57109375 0.1234375 0.090625
0 0.896875 0.5515625 0.1046875 0.090625
1 0.71796875 0.41640625 0.0859375 0.0859375
1 0.8140625 0.4140625 0.08125 0.09375
0 0.1453125 0.4328125 0.0875 0.075