0 0.1984375 0.89140625 0.396875 0.1265625
0 0.58125 0.85703125 0.4109375 0.1359375
0 0.6828125 0.6953125 0.1359375 0.096875
0 0.55390625 0.70625 0.128125 0.096875
0 0.4359375 0.721875 0.1265625 0.109375
0 0.30390625 0.73203125 0.1109375 0.10625
0 0.18125 0.746875 0.1140625 0.096875
1 0.07265625 0.725 0.1453125 0.1453125
1 0.4890625 0.55546875 0.0734375 0.08125
1 0.55703125 0.53984375 0.075 0.071875
0 0.41953125 0.578125 0.071875 0.059375
0 0.825 0.68671875 0.153125 0.1
1 0.63203125 0.53671875 0.0703125 0.0796875
1 0.34609375 0.5671875 0.0796875 0.0890625