0 0.5390625 0.67109375 0.2734375 0.390625
0 0.28515625 0.67578125 0.2640625 0.36875
0 0.08671875 0.678125 0.16875 0.3625
0 0.784375 0.65625 0.25 0.41875
0 0.13828125 0.31015625 0.2765625 0.0890625
0 0.409375 0.2953125 0.275 0.0859375
0 0.6921875 0.278125 0.3046875 0.0828125
0 0.853125 0.17578125 0.1109375 0.0703125
1 0.22578125 0.19921875 0.1265625 0.0984375
0 0.3359375 0.2140625 0.1046875 0.0703125
0 0.43359375 0.209375 0.1109375 0.071875
1 0.12109375 0.19765625 0.1 0.1171875
0 0.534375 0.203125 0.103125 0.0640625
0 0.63515625 0.196875 0.1046875 0.0734375
0 0.74140625 0.18515625 0.11875 0.06875
0 0.3375 0.1125 0.0734375 0.053125
1 0.40390625 0.1 0.0671875 0.053125
0 0.46640625 0.096875 0.0671875 0.053125
1 0.53046875 0.0875 0.0671875 0.0609375
1 0.596875 0.08203125 0.0703125 0.0625
1 0.66171875 0.075 0.065625 0.065625
1 0.7296875 0.06640625 0.0765625 0.0671875