0 0.3875 0.78515625 0.4625 0.20625
0 0.7796875 0.696875 0.4140625 0.196875
0 0.23203125 0.665625 0.15625 0.1234375
0 0.35703125 0.64375 0.15625 0.1171875
0 0.4828125 0.61875 0.1453125 0.1125
0 0.60625 0.59375 0.146875 0.11875
0 0.728125 0.5734375 0.1390625 0.1078125
1 0.41484375 0.45546875 0.0921875 0.1109375
1 0.3421875 0.47421875 0.1 0.10625
1 0.265625 0.48515625 0.0984375 0.103125
1 0.109375 0.5015625 0.109375 0.121875
0 0.18828125 0.5109375 0.096875 0.0796875
0 0.1015625 0.68828125 0.1640625 0.125
1 0.74453125 0.39296875 0.0953125 0.1140625
0 0.86640625 0.55 0.11875 0.1078125