0 0.4640625 0.74765625 0.4578125 0.3375
0 0.79375 0.5375 0.4125 0.3078125
0 0.28046875 0.69296875 0.171875 0.15625
0 0.390625 0.62578125 0.1671875 0.1515625
0 0.5 0.5578125 0.159375 0.1421875
0 0.60703125 0.496875 0.1625 0.1484375
0 0.715625 0.43046875 0.153125 0.1375
1 0.38046875 0.42890625 0.1140625 0.1234375
1 0.3171875 0.46953125 0.11875 0.121875
1 0.24921875 0.50546875 0.1171875 0.11875
1 0.1078125 0.578125 0.13125 0.1375
0 0.19453125 0.5609375 0.1078125 0.1
0 0.1609375 0.7578125 0.184375 0.1625
1 0.675 0.265625 0.1203125 0.128125
0 0.83125 0.36171875 0.140625 0.134375