1 0.11015625 0.21171875 0.1375 0.1296875
0 0.4390625 0.69296875 0.28125 0.415625
1 0.49609375 0.0984375 0.071875 0.08125
0 0.22109375 0.23203125 0.115625 0.071875
0 0.328125 0.2234375 0.1046875 0.06875
0 0.425 0.2140625 0.10625 0.06875
0 0.525 0.2015625 0.10625 0.071875
0 0.62578125 0.19140625 0.1078125 0.0703125
0 0.7265625 0.18125 0.1046875 0.06875
0 0.5828125 0.27890625 0.3015625 0.1015625
0 0.3 0.31875 0.3109375 0.09375
0 0.1640625 0.71796875 0.303125 0.3984375
0 0.690625 0.6765625 0.2828125 0.409375
0 0.36640625 0.115625 0.075 0.0546875
1 0.43046875 0.1015625 0.0734375 0.084375
0 0.228125 0.128125 0.0796875 0.053125
1 0.8984375 0.57890625 0.203125 0.5171875
1 0.296875 0.1015625 0.0765625 0.090625
1 0.5578125 0.08671875 0.0640625 0.09375