1 0.34453125 0.29296875 0.0921875 0.10625
0 0.21796875 0.61484375 0.4359375 0.2109375
1 0.26484375 0.28671875 0.0953125 0.0953125
1 0.18125 0.27578125 0.0984375 0.09375
0 0.60390625 0.6453125 0.365625 0.1796875
0 0.0890625 0.2703125 0.10625 0.0859375
0 0.08046875 0.43828125 0.1578125 0.125
0 0.225 0.45546875 0.159375 0.1203125
0 0.3640625 0.47109375 0.153125 0.1140625
0 0.49375 0.48046875 0.1359375 0.1125
0 0.725 0.51171875 0.121875 0.0984375
0 0.8296875 0.52109375 0.1140625 0.09375
0 0.60859375 0.5 0.1375 0.103125
0 0.91484375 0.53203125 0.1 0.08125