1 0.09375 0.16484375 0.1515625 0.140625
0 0.21640625 0.1640625 0.121875 0.09375
0 0.32109375 0.1515625 0.1125 0.090625
0 0.4203125 0.1421875 0.115625 0.0828125
0 0.52421875 0.12265625 0.1140625 0.0828125
0 0.628125 0.1 0.1234375 0.090625
0 0.73046875 0.07890625 0.1140625 0.075
0 0.29375 0.25234375 0.309375 0.1171875
0 0.5859375 0.20390625 0.3078125 0.1328125
0 0.1890625 0.653125 0.3125 0.44375
0 0.45234375 0.621875 0.3296875 0.440625
0 0.7078125 0.5671875 0.290625 0.4265625
1 0.8828125 0.47265625 0.234375 0.5296875