0 0.40859375 0.371875 0.1703125 0.1640625
0 0.7546875 0.71875 0.4390625 0.3015625
0 0.4703125 0.22578125 0.0875 0.0625
0 0.66875 0.38984375 0.2421875 0.1109375
1 0.1578125 0.16640625 0.190625 0.1265625
0 0.45546875 0.278125 0.1109375 0.09375
0 0.6859375 0.4546875 0.271875 0.140625
1 0.6515625 0.2609375 0.1640625 0.103125
0 0.70546875 0.553125 0.3078125 0.184375
1 0.92265625 0.24140625 0.1265625 0.0765625
0 0.2734375 0.57890625 0.3625 0.409375
0 0.12109375 0.2140625 0.1328125 0.06875
0 0.6546875 0.34140625 0.196875 0.0875
0 0.65546875 0.30625 0.184375 0.075