0 0.8203125 0.45546875 0.359375 0.3296875
0 0.38359375 0.4359375 0.159375 0.1625
1 0.0859375 0.465625 0.171875 0.146875
0 0.71328125 0.36484375 0.30625 0.225
0 0.63515625 0.315625 0.24375 0.1671875
0 0.4234375 0.6640625 0.365625 0.3984375
1 0.49296875 0.20625 0.1640625 0.128125
0 0.59453125 0.278125 0.2171875 0.1375
0 0.359375 0.35234375 0.1 0.09375
0 0.06171875 0.575 0.1234375 0.09375
1 0.6921875 0.03125 0.140625 0.0625
0 0.54609375 0.25625 0.1796875 0.1171875
0 0.34140625 0.3046875 0.0828125 0.0703125