0 0.35625 0.5328125 0.3484375 0.4375
0 0.96171875 0.153125 0.0765625 0.0875
0 0.61015625 0.54921875 0.3359375 0.4328125
0 0.12890625 0.51328125 0.2578125 0.4140625
0 0.36875 0.0890625 0.1296875 0.0859375
1 0.8390625 0.52734375 0.321875 0.4484375
0 0.31171875 0.17109375 0.3265625 0.1640625
0 0.61015625 0.21171875 0.3125 0.1578125
0 0.4765625 0.09921875 0.1265625 0.0921875
0 0.5796875 0.11015625 0.1171875 0.09375
0 0.67890625 0.12265625 0.125 0.090625
0 0.7796875 0.13125 0.1171875 0.0875
0 0.88203125 0.14140625 0.1125 0.090625
0 0.2625 0.0703125 0.1359375 0.1015625
1 0.159375 0.05 0.1375 0.1