1 0.3328125 0.3890625 0.0859375 0.0921875
0 0.2859375 0.71484375 0.446875 0.165625
1 0.253125 0.4 0.090625 0.0796875
1 0.1703125 0.41328125 0.090625 0.0765625
0 0.66171875 0.640625 0.359375 0.14375
1 0.75625 0.34140625 0.0875 0.0953125
1 0.66171875 0.3546875 0.0859375 0.0921875
0 0.08515625 0.43125 0.1 0.0796875
0 0.1171875 0.5890625 0.153125 0.11875
0 0.26015625 0.5703125 0.1515625 0.1125
0 0.3953125 0.5484375 0.14375 0.1078125
0 0.521875 0.53046875 0.13125 0.10625
0 0.76328125 0.4875 0.1078125 0.096875
0 0.85546875 0.4703125 0.1015625 0.0875
0 0.64296875 0.50546875 0.1296875 0.096875