0 0.26484375 0.19921875 0.1359375 0.084375
0 0.60234375 0.32421875 0.30625 0.1125
1 0.8375 0.66015625 0.325 0.5484375
0 0.14609375 0.6796875 0.2921875 0.4375
0 0.378125 0.7 0.3265625 0.453125
0 0.6171875 0.71796875 0.2984375 0.43125
0 0.36640625 0.2140625 0.1203125 0.0828125
0 0.465625 0.22734375 0.1203125 0.078125
0 0.56875 0.24140625 0.121875 0.075
0 0.6640625 0.25 0.103125 0.0734375
0 0.76328125 0.25859375 0.1109375 0.078125
1 0.61953125 0.12109375 0.0828125 0.084375
1 0.55625 0.1140625 0.078125 0.0875
0 0.41796875 0.11171875 0.0796875 0.05625
1 0.48515625 0.1046875 0.0765625 0.08125
1 0.3546875 0.08828125 0.0828125 0.0875