0 0.88359375 0.58046875 0.2328125 0.2671875
0 0.49765625 0.39375 0.159375 0.15625
0 0.7984375 0.34140625 0.2984375 0.146875
1 0.2078125 0.33515625 0.175 0.1
0 0.15234375 0.4359375 0.1953125 0.0859375
0 0.8390625 0.4234375 0.3015625 0.184375
0 0.49765625 0.29453125 0.0984375 0.084375
0 0.76171875 0.2828125 0.265625 0.115625
0 0.4921875 0.23984375 0.0734375 0.0578125
1 0.66875 0.178125 0.1640625 0.1015625
0 0.72265625 0.25 0.2234375 0.0953125
0 0.48125 0.6390625 0.3421875 0.3953125
0 0.1015625 0.49765625 0.1421875 0.0796875
0 0.6953125 0.21796875 0.184375 0.071875
0 0.18828125 0.38671875 0.1828125 0.075
0 0.4859375 0.20234375 0.0640625 0.046875