1 0.8734375 0.5578125 0.253125 0.453125
1 0.0171875 0.25625 0.034375 0.134375
1 0.09140625 0.24140625 0.15 0.14375
1 0.26015625 0.1046875 0.0828125 0.1
1 0.390625 0.0890625 0.0796875 0.08125
1 0.45390625 0.07421875 0.08125 0.0890625
1 0.51640625 0.0578125 0.075 0.0953125
1 0.58125 0.04765625 0.08125 0.090625
0 0.32734375 0.1140625 0.0796875 0.0578125
0 0.1953125 0.13671875 0.0828125 0.0609375
0 0.20625 0.24609375 0.1234375 0.0828125
0 0.309375 0.22890625 0.1140625 0.0828125
0 0.40703125 0.21171875 0.1171875 0.0765625
0 0.509375 0.1921875 0.1234375 0.078125
0 0.6046875 0.1703125 0.11875 0.078125
0 0.70703125 0.14921875 0.1203125 0.0796875
0 0.2046875 0.72890625 0.390625 0.44375
0 0.4765625 0.68203125 0.3453125 0.4296875
0 0.7140625 0.628125 0.3546875 0.4328125
0 0.56953125 0.26640625 0.3 0.1234375
0 0.2828125 0.321875 0.3140625 0.1234375