0 0.59609375 0.5625 0.340625 0.45625
1 0.19453125 0.13828125 0.1484375 0.1453125
0 0.67734375 0.13359375 0.328125 0.153125
0 0.309375 0.1359375 0.1234375 0.096875
1 0.0984375 0.16640625 0.1140625 0.134375
0 0.40234375 0.1109375 0.1109375 0.09375
0 0.5 0.0828125 0.1171875 0.0890625
0 0.603125 0.053125 0.1234375 0.09375
0 0.71015625 0.03203125 0.1328125 0.0640625
0 0.3875 0.20625 0.3015625 0.1453125
0 0.1296875 0.271875 0.259375 0.134375
0 0.1390625 0.646875 0.278125 0.403125
0 0.353125 0.6125 0.34375 0.4390625
0 0.82734375 0.509375 0.3453125 0.48125
0 0.8234375 0.01796875 0.1375 0.0359375