1 0.36953125 0.346875 0.090625 0.096875
0 0.23515625 0.64765625 0.45 0.19375
1 0.28984375 0.3359375 0.09375 0.084375
1 0.20703125 0.32578125 0.0953125 0.08125
0 0.61640625 0.6796875 0.3640625 0.1671875
1 0.78984375 0.41796875 0.09375 0.1
1 0.6953125 0.40546875 0.0921875 0.096875
0 0.1203125 0.31953125 0.1046875 0.084375
0 0.1078125 0.4796875 0.159375 0.1265625
0 0.25 0.50078125 0.15625 0.121875
0 0.3859375 0.51796875 0.1484375 0.115625
0 0.5125 0.5359375 0.1359375 0.1140625
0 0.75703125 0.56015625 0.1125 0.1015625
0 0.84921875 0.56953125 0.10625 0.0921875
0 0.6359375 0.54453125 0.134375 0.1046875