1 0.1265625 0.63828125 0.1046875 0.140625
1 0.2453125 0.62578125 0.1703125 0.1578125
0 0.3625 0.6484375 0.1046875 0.09375
0 0.4796875 0.63984375 0.1140625 0.096875
0 0.5984375 0.6265625 0.13125 0.115625
0 0.72578125 0.61328125 0.15 0.1234375
0 0.86875 0.6015625 0.1578125 0.1125
1 0.78984375 0.45234375 0.0890625 0.0921875
1 0.71015625 0.46171875 0.0953125 0.1015625
0 0.56875 0.50078125 0.0875 0.065625
1 0.63671875 0.47421875 0.0828125 0.09375
0 0.39921875 0.78203125 0.3625 0.159375
0 0.7765625 0.7375 0.446875 0.19375