0 0.21015625 0.69375 0.3421875 0.446875
0 0.47734375 0.6453125 0.3296875 0.4359375
0 0.72421875 0.60078125 0.346875 0.440625
1 0.875 0.509375 0.25 0.5125
0 0.58515625 0.23203125 0.315625 0.1265625
0 0.29375 0.28359375 0.3109375 0.1296875
1 0.021875 0.20859375 0.04375 0.1421875
1 0.0953125 0.19375 0.14375 0.15
0 0.2 0.09296875 0.090625 0.0671875
0 0.2140625 0.20546875 0.11875 0.0765625
0 0.3171875 0.190625 0.1171875 0.078125
0 0.3359375 0.07265625 0.08125 0.059375
1 0.26875 0.0703125 0.0890625 0.090625
1 0.39921875 0.0484375 0.08125 0.0859375
1 0.4640625 0.03828125 0.078125 0.0765625
1 0.528125 0.0328125 0.084375 0.065625
0 0.5203125 0.153125 0.1234375 0.08125
0 0.6203125 0.1328125 0.115625 0.0796875
0 0.71640625 0.11328125 0.1078125 0.075
0 0.4171875 0.17265625 0.1171875 0.08125