1 0.19921875 0.10625 0.1578125 0.1515625
0 0.37578125 0.6671875 0.3484375 0.4453125
1 0.6078125 0.1 0.0859375 0.0921875
0 0.3109375 0.1625 0.125 0.090625
0 0.41640625 0.18515625 0.1140625 0.0859375
0 0.51171875 0.20390625 0.115625 0.0875
0 0.6109375 0.221875 0.115625 0.0890625
0 0.71015625 0.24140625 0.1171875 0.0890625
0 0.81015625 0.26171875 0.1140625 0.0859375
0 0.64375 0.31328125 0.309375 0.1546875
0 0.35546875 0.259375 0.31875 0.15
0 0.14609375 0.60625 0.2921875 0.4375
0 0.6375 0.7015625 0.3484375 0.4453125
0 0.4765625 0.0828125 0.0828125 0.0671875
1 0.54375 0.08515625 0.0859375 0.09375
0 0.33984375 0.05625 0.0875 0.0671875
1 0.85859375 0.66796875 0.2828125 0.5390625
1 0.41640625 0.0546875 0.090625 0.1015625
1 0.671875 0.1046875 0.0796875 0.1015625