1 0.23203125 0.06015625 0.1578125 0.1203125
0 0.3484375 0.0875 0.1265625 0.1
0 0.45078125 0.1109375 0.1171875 0.096875
0 0.54765625 0.13671875 0.1203125 0.090625
0 0.6515625 0.15390625 0.11875 0.0890625
0 0.7578125 0.16796875 0.128125 0.096875
0 0.86015625 0.1828125 0.1171875 0.08125
0 0.39140625 0.196875 0.3109375 0.1375
0 0.68203125 0.2515625 0.3109375 0.153125
0 0.16171875 0.53671875 0.3234375 0.4578125
0 0.41328125 0.5984375 0.353125 0.4546875
0 0.671875 0.634375 0.3140625 0.4375
1 0.8671875 0.61171875 0.265625 0.5359375