0 0.4140625 0.4453125 0.1296875 0.1171875
0 0.81796875 0.6125 0.3640625 0.196875
0 0.75234375 0.49453125 0.2984375 0.1234375
1 0.1203125 0.36484375 0.1890625 0.0828125
0 0.66796875 0.38125 0.24375 0.0625
0 0.68984375 0.42578125 0.240625 0.078125
1 0.8609375 0.19375 0.121875 0.0609375
0 0.38203125 0.6421875 0.240625 0.303125
0 0.4234375 0.36328125 0.09375 0.0640625
1 0.609375 0.2828125 0.153125 0.0796875
0 0.0625 0.4484375 0.125 0.05
0 0.878125 0.81484375 0.24375 0.3078125
0 0.4265625 0.31953125 0.078125 0.0453125
0 0.63828125 0.35234375 0.19375 0.0453125
0 0.63125 0.32421875 0.1796875 0.0375
0 0.07421875 0.41875 0.1453125 0.040625