0 0.609375 0.78203125 0.4234375 0.146875
0 0.23359375 0.82890625 0.3796875 0.1546875
1 0.090625 0.6734375 0.16875 0.15625
0 0.2109375 0.68984375 0.1 0.10625
0 0.33203125 0.67109375 0.11875 0.103125
0 0.45859375 0.65 0.128125 0.0953125
0 0.575 0.63671875 0.13125 0.0984375
0 0.70234375 0.6171875 0.140625 0.103125
0 0.84296875 0.59921875 0.1609375 0.1109375
0 0.43125 0.509375 0.08125 0.0640625
1 0.36015625 0.50546875 0.0828125 0.0859375
1 0.5015625 0.49140625 0.0796875 0.0765625
1 0.571875 0.47421875 0.0796875 0.0875
1 0.64453125 0.45859375 0.08125 0.0921875