1 0.13984375 0.6703125 0.1140625 0.146875
1 0.25703125 0.64765625 0.1796875 0.16875
0 0.37578125 0.66015625 0.1109375 0.1
0 0.49140625 0.64140625 0.11875 0.1046875
0 0.60859375 0.6171875 0.1390625 0.125
0 0.73515625 0.59296875 0.15625 0.1328125
0 0.87578125 0.56875 0.1640625 0.1234375
1 0.784375 0.42734375 0.0953125 0.096875
1 0.70625 0.44375 0.1015625 0.1078125
0 0.56875 0.49453125 0.090625 0.071875
1 0.634375 0.4625 0.0890625 0.0984375
0 0.42421875 0.78984375 0.3671875 0.1875
0 0.78515625 0.71328125 0.4296875 0.2296875