1 0.8671875 0.6515625 0.265625 0.440625
1 0.06484375 0.140625 0.08125 0.13125
1 0.165625 0.15 0.1421875 0.134375
1 0.36328125 0.05859375 0.0765625 0.096875
1 0.49296875 0.075 0.075 0.0765625
1 0.55859375 0.075 0.0765625 0.084375
1 0.62265625 0.075 0.06875 0.0921875
1 0.68828125 0.08046875 0.075 0.0859375
0 0.42578125 0.084375 0.0765625 0.053125
0 0.29296875 0.07421875 0.0796875 0.05625
0 0.2765625 0.1828125 0.1203125 0.075
0 0.38046875 0.190625 0.109375 0.075
0 0.4796875 0.19765625 0.1140625 0.0703125
0 0.5828125 0.20390625 0.1203125 0.0703125
0 0.68125 0.20546875 0.1140625 0.0703125
0 0.7859375 0.209375 0.1171875 0.071875
0 0.1703125 0.65078125 0.340625 0.4234375
0 0.43359375 0.6703125 0.3203125 0.4125
0 0.6765625 0.6765625 0.3296875 0.415625
0 0.62421875 0.290625 0.296875 0.103125
0 0.33203125 0.27421875 0.3109375 0.103125