0 0.61953125 0.61796875 0.328125 0.45
0 0.27578125 0.0734375 0.134375 0.0953125
1 0.15625 0.05078125 0.15625 0.1015625
0 0.38359375 0.096875 0.121875 0.0984375
0 0.484375 0.11484375 0.121875 0.090625
0 0.58671875 0.1234375 0.121875 0.090625
0 0.68828125 0.14140625 0.1140625 0.0875
0 0.6140625 0.22578125 0.3015625 0.1359375
0 0.325 0.171875 0.31875 0.1375
0 0.1375 0.55390625 0.275 0.4609375
0 0.36484375 0.58203125 0.3453125 0.4546875
1 0.8328125 0.60859375 0.334375 0.4609375
0 0.7921875 0.15390625 0.115625 0.096875