0 0.546875 0.70625 0.1296875 0.1015625
0 0.57734375 0.85546875 0.4046875 0.1390625
0 0.21015625 0.87890625 0.353125 0.10625
1 0.071875 0.740625 0.1328125 0.15
0 0.17890625 0.75546875 0.1 0.09375
0 0.30078125 0.74375 0.1125 0.09375
0 0.43125 0.7234375 0.1203125 0.1015625
0 0.675 0.69140625 0.1359375 0.103125
0 0.8125 0.67109375 0.146875 0.1015625
0 0.2 0.61484375 0.0625 0.0515625
0 0.4109375 0.57421875 0.08125 0.0640625
1 0.54921875 0.53984375 0.08125 0.075
1 0.6234375 0.534375 0.078125 0.078125
1 0.33671875 0.57578125 0.0875 0.0875