1 0.14453125 0.18671875 0.1359375 0.128125
0 0.4875 0.65234375 0.2765625 0.4109375
1 0.52265625 0.04375 0.075 0.0828125
0 0.26484375 0.19453125 0.1171875 0.0734375
0 0.36484375 0.184375 0.1015625 0.0703125
0 0.46484375 0.17734375 0.1078125 0.0703125
0 0.56171875 0.16171875 0.1078125 0.0734375
0 0.6640625 0.1515625 0.1078125 0.071875
0 0.7671875 0.13359375 0.10625 0.0703125
0 0.62734375 0.2546875 0.315625 0.10625
0 0.3265625 0.28125 0.3140625 0.1
0 0.22890625 0.6765625 0.2953125 0.4015625
0 0.72890625 0.6234375 0.2875 0.4140625
0 0.3921875 0.0703125 0.078125 0.05625
1 0.45703125 0.05 0.075 0.0859375
0 0.26015625 0.0875 0.0796875 0.0546875