0 0.5484375 0.4390625 0.1625 0.1671875
0 0.4265625 0.65078125 0.3171875 0.4203125
0 0.17421875 0.27265625 0.165625 0.109375
0 0.21171875 0.23671875 0.175 0.09375
1 0.340625 0.19296875 0.190625 0.1390625
0 0.275 0.2265625 0.1625 0.084375
0 0.59453125 0.35234375 0.1078125 0.0984375
1 0.80390625 0.36640625 0.159375 0.11875
0 0.81015625 0.4234375 0.1859375 0.09375
0 0.8109375 0.4609375 0.215625 0.1109375
0 0.8078125 0.5078125 0.2359375 0.134375
0 0.80625 0.57421875 0.2625 0.153125
0 0.81484375 0.68671875 0.315625 0.221875
0 0.78125 0.8515625 0.30625 0.296875