0 0.62265625 0.85546875 0.4265625 0.2890625
0 0.24375 0.70703125 0.428125 0.296875
0 0.06484375 0.465625 0.1296875 0.153125
0 0.18203125 0.51953125 0.1640625 0.1484375
0 0.30546875 0.565625 0.1609375 0.1515625
0 0.42421875 0.61484375 0.1515625 0.1328125
0 0.53984375 0.6625 0.153125 0.1359375
0 0.6515625 0.7046875 0.1609375 0.14375
0 0.765625 0.75703125 0.1546875 0.1296875
0 0.23828125 0.37734375 0.0953125 0.0875
1 0.16796875 0.33359375 0.1265625 0.1203125
1 0.3125 0.40390625 0.1015625 0.0984375
1 0.38828125 0.42421875 0.103125 0.1078125
1 0.4546875 0.45390625 0.1015625 0.109375