0 0.29609375 0.71484375 0.465625 0.2296875
0 0.68984375 0.7765625 0.415625 0.209375
0 0.19453125 0.54453125 0.1578125 0.128125
0 0.31875 0.56640625 0.1578125 0.121875
0 0.44375 0.59296875 0.146875 0.115625
0 0.56484375 0.61953125 0.15 0.121875
0 0.68984375 0.64296875 0.1421875 0.1125
1 0.44140625 0.4203125 0.0953125 0.1125
1 0.36796875 0.4078125 0.103125 0.1078125
1 0.290625 0.39453125 0.1015625 0.1046875
1 0.1390625 0.3515625 0.1109375 0.1234375
0 0.209375 0.38828125 0.0984375 0.0828125
0 0.071875 0.5234375 0.14375 0.128125
1 0.7671875 0.4921875 0.0984375 0.115625
0 0.825 0.66953125 0.128125 0.1125