0 0.6296875 0.78515625 0.35625 0.1390625
0 0.24296875 0.84609375 0.4296875 0.165625
0 0.0890625 0.70234375 0.146875 0.1140625
0 0.234375 0.69296875 0.140625 0.1046875
0 0.36640625 0.665625 0.13125 0.1109375
0 0.49375 0.6578125 0.1296875 0.0953125
0 0.6109375 0.64296875 0.115625 0.0890625
0 0.7203125 0.63515625 0.121875 0.0921875
0 0.82578125 0.6265625 0.1046875 0.08125
0 0.07109375 0.534375 0.09375 0.075
1 0.16015625 0.52890625 0.0859375 0.078125
1 0.24140625 0.51953125 0.084375 0.0859375
1 0.3171875 0.51171875 0.071875 0.0875
0 0.91953125 0.6109375 0.0953125 0.0703125