0 0.28359375 0.88984375 0.39375 0.209375
0 0.63515625 0.7484375 0.409375 0.2234375
0 0.69296875 0.5703125 0.15625 0.128125
0 0.571875 0.61875 0.1484375 0.1265625
0 0.45546875 0.6640625 0.15 0.1375
0 0.33828125 0.7140625 0.134375 0.1296875
0 0.21640625 0.76640625 0.125 0.1171875
1 0.12109375 0.77890625 0.1578125 0.175
1 0.471875 0.4953125 0.0921875 0.096875
1 0.5359375 0.4640625 0.090625 0.0890625
0 0.4109375 0.5328125 0.084375 0.0765625
0 0.82734375 0.5109375 0.1734375 0.1359375
1 0.60234375 0.43125 0.0890625 0.0953125
1 0.33515625 0.5421875 0.1015625 0.10625