0 0.5203125 0.68125 0.125 0.096875
0 0.55 0.82890625 0.4015625 0.128125
0 0.17421875 0.84453125 0.3484375 0.1171875
1 0.05234375 0.69375 0.1046875 0.16875
0 0.14375 0.7171875 0.0984375 0.109375
0 0.2703125 0.70546875 0.1109375 0.090625
0 0.40546875 0.6921875 0.125 0.0984375
0 0.64609375 0.66796875 0.1296875 0.096875
0 0.78203125 0.65625 0.1390625 0.096875
0 0.38828125 0.5453125 0.0671875 0.059375
1 0.45703125 0.528125 0.0703125 0.0734375
1 0.52734375 0.51875 0.0734375 0.0765625
1 0.3140625 0.53671875 0.0828125 0.090625
1 0.59921875 0.5140625 0.0671875 0.075