0 0.49609375 0.68984375 0.1453125 0.125
0 0.61328125 0.865625 0.425 0.221875
0 0.2515625 0.77890625 0.35625 0.1953125
1 0.04609375 0.5765625 0.0921875 0.14375
1 0.1515625 0.603125 0.1828125 0.159375
0 0.26015625 0.6375 0.1171875 0.1234375
0 0.37578125 0.6671875 0.125 0.121875
0 0.61484375 0.71328125 0.15 0.125
0 0.7515625 0.73828125 0.1578125 0.128125
0 0.5171875 0.5453125 0.0796875 0.075
1 0.58828125 0.54375 0.0890625 0.0921875
1 0.6625 0.55078125 0.0953125 0.096875
1 0.45 0.515625 0.0921875 0.0984375
1 0.7390625 0.5640625 0.096875 0.1015625